0.00000E+00   -1.900000000000000E+01   3.333258613404360E-01
2.50000E-01   -1.896024151989470E+01   4.568984663947390E+00
5.00000E-01   -1.816395573207020E+01   4.702396247566700E+00
7.50000E-01   -1.650541657216420E+01   2.874761191298620E+00
1.00000E+00   -1.462643399559860E+01   3.179679032106620E+00
1.25000E+00   -1.335995583767310E+01   5.443316240150540E-02
1.50000E+00   -1.243413373702560E+01   4.112247774622290E-01
1.75000E+00   -1.152976962357780E+01   3.107648610682520E-01
2.00000E+00   -1.074528269507580E+01   3.357760625240340E-01
2.50000E+00   -9.518965180709650E+00   3.313917216767620E-01
3.00000E+00   -8.750571405133850E+00   3.329831985486950E-01
3.50000E+00   -8.379698432253490E+00   3.328319609541600E-01
4.00000E+00   -8.322136027669600E+00   3.330797504276870E-01
4.50000E+00   -8.490600687673130E+00   3.331814691250020E-01
5.00000E+00   -8.806349360271050E+00   3.332921269959560E-01
6.00000E+00   -9.644295172085290E+00   3.334401643209110E-01
7.00000E+00   -1.050460989310050E+01   3.335225823361090E-01
8.00000E+00   -1.123773904919070E+01   3.335577555963140E-01
9.00000E+00   -1.180537577612860E+01   3.335656461030810E-01
1.00000E+01   -1.221891070356790E+01   3.335612862363160E-01
1.25000E+01   -1.276003190115160E+01   3.335416821770670E-01
1.50000E+01   -1.291823654612600E+01   3.335379561212420E-01
1.75000E+01   -1.294868040255390E+01   3.335477464358180E-01
2.00000E+01   -1.295273752911640E+01   3.335600363339340E-01
2.25000E+01   -1.294956372661850E+01   3.335697263208050E-01
2.50000E+01   -1.293506675759190E+01   3.335765586327830E-01
3.00000E+01   -1.286765436486050E+01   3.335862115042380E-01
3.50000E+01   -1.276847971578150E+01   3.335945935829910E-01
4.00000E+01   -1.265295896753520E+01   3.336024675778380E-01
4.50000E+01   -1.252364293462600E+01   3.336096536875650E-01
5.00000E+01   -1.238047945827810E+01   3.336161793242310E-01
