0.0000000000000000E+00   -1.6200000000000000E+01   3.3333301021748300E-01   3.3333300353839600E-01
5.2631578947368400E-02   -1.3017263360506000E+01   1.1098493032877100E+01   3.8540292853082900E+00
1.0526315789473600E-01   -9.2650412929209700E+00   7.3024567454735500E+00   6.4301343237884100E+00
1.5789473684210500E-01   -7.4607304021213400E+00   7.1699924833086700E+00   6.5737256792383400E+00
2.1052631578947300E-01   -6.4461395942785900E+00   5.0922632244067500E+00   8.0534708310432400E+00
2.6315789473684200E-01   -5.7481418835341800E+00   3.0779124730528800E+00   4.6386584003726400E+00
3.1578947368421000E-01   -4.5171292721753800E+00   3.7988508458629200E+00   2.4447146397642200E+00
3.6842105263157800E-01   -2.9576842165861900E+00   4.2026663237525500E+00   5.0014266152638200E+00
4.2105263157894700E-01   -2.0215290905905800E+00   3.1796814338369200E+00   4.3633843877138700E+00
4.7368421052631500E-01   -8.9418373897035000E-01   4.8675614156695100E+00   4.6762338241151900E+00
5.2631578947368400E-01   -5.4454327709036100E-01   1.6903417176908000E+00   7.7712117139330800E+00
5.7894736842105200E-01   -3.1930178124550700E-01   1.7232808678273200E+00   1.9656865702643200E+00
6.3157894736842100E-01   5.8633611933891400E-02   1.5768687988611400E+00   4.6392065561468900E+00
6.8421052631578900E-01   1.4007074590447100E-01   2.0239218813187100E+00   1.0023876519483200E+00
7.3684210526315700E-01   2.0060642945031800E-01   1.5952098574718600E+00   4.8458995855698700E+00
7.8947368421052600E-01   2.4586094882214400E-01   2.2010495826735200E+00   1.8067212166017700E+00
8.4210526315789400E-01   3.0769475374978800E-01   1.5112895933316700E+00   2.0583303828656100E+00
8.9473684210526300E-01   2.5169367710884700E-01   1.9516516537249100E+00   2.5798107708864600E+00
9.4736842105263100E-01   1.5753349025929600E-01   1.3202383251783200E+00   2.8575328809845100E+00
1.0000000000000000E+00   -5.3003464410598700E-02   2.6572747720035400E+00   2.1264302026331600E+00
1.1111111111111100E+00   -3.1256563437072400E-01   3.4971457823268300E+00   3.0375816082757300E+00
1.2222222222222200E+00   -4.1227988477716600E-01   1.6104622903205300E+00   3.2660824557309800E+00
1.3333333333333300E+00   -4.9675353564076600E-01   2.5917521329782100E+00   2.1454257423513100E+00
1.4444444444444400E+00   -5.9096940935584800E-01   2.2065215481013000E+00   3.4137536915601800E+00
1.5555555555555500E+00   -7.0814751778862200E-01   3.5891684532391400E+00   1.8181404441453100E+00
1.6666666666666600E+00   -8.6868490088639600E-01   2.7646582743859600E+00   2.7892019721855500E+00
1.7777777777777700E+00   -9.6788406797205900E-01   2.3354174152980500E+00   2.1428325203383700E+00
1.8888888888888800E+00   -1.0617045304050400E+00   2.2416515232168000E+00   2.2078284539340700E+00
2.0000000000000000E+00   -1.1477558290347800E+00   3.0271968737050500E+00   2.9916309683154600E+00
2.2500000000000000E+00   -1.3159612393846700E+00   1.1253816953734700E+00   1.1245992320679900E+00
2.5000000000000000E+00   -1.4397913917876600E+00   2.2549711007130200E-01   2.2496784335653000E-01
2.7500000000000000E+00   -1.5440713390613500E+00   3.8647882340749900E-01   3.8750253565235700E-01
3.0000000000000000E+00   -1.6442018263356700E+00   3.2656839662469700E-01   3.2734756194983900E-01
3.2500000000000000E+00   -1.7374688252992700E+00   3.3707586331942100E-01   3.3799429668645700E-01
3.5000000000000000E+00   -1.8251550248313500E+00   3.3250634810959900E-01   3.3337037359459300E-01
3.7500000000000000E+00   -1.9073042568551000E+00   3.3324507727189800E-01   3.3407678155930700E-01
4.0000000000000000E+00   -1.9841865943732600E+00   3.3303865625796400E-01   3.3382500068182800E-01
4.2500000000000000E+00   -2.0559874059685700E+00   3.3324607787003700E-01   3.3399711662954400E-01
4.5000000000000000E+00   -2.1229051205597800E+00   3.3337344237706000E-01   3.3409769219401600E-01
4.7500000000000000E+00   -2.1851348819487800E+00   3.3350164777544800E-01   3.3420910097046500E-01
5.0000000000000000E+00   -2.2428757571898200E+00   3.3359434762620600E-01   3.3429230661308700E-01
5.5000000000000000E+00   -2.3457061664529600E+00   3.3371725470863600E-01   3.3440900359103600E-01
6.0000000000000000E+00   -2.4330455294372000E+00   3.3379275072781800E-01   3.3448438068772400E-01
6.5000000000000000E+00   -2.5065540772124300E+00   3.3384633064462400E-01   3.3453611456500300E-01
7.0000000000000000E+00   -2.5678801982552800E+00   3.3388254684430300E-01   3.3456560446578200E-01
7.5000000000000000E+00   -2.6186319875863300E+00   3.3390143252830900E-01   3.3457248035939600E-01
8.0000000000000000E+00   -2.6603513946563300E+00   3.3390537822624300E-01   3.3456027128768300E-01
8.5000000000000000E+00   -2.6944914845938000E+00   3.3389871127588800E-01   3.3453490122926400E-01
9.0000000000000000E+00   -2.7223973219646700E+00   3.3388654462776400E-01   3.3450276368454900E-01
9.5000000000000000E+00   -2.7452908801979800E+00   3.3387318086019200E-01   3.3446908348167300E-01
1.0000000000000000E+01   -2.7642602595347500E+00   3.3386221778513200E-01   3.3443793038297900E-01
1.1000000000000000E+01   -2.7940089823708400E+00   3.3385356969253900E-01   3.3439019538197900E-01
1.2000000000000000E+01   -2.8174871188519400E+00   3.3386520859893400E-01   3.3436474852851700E-01
1.3000000000000000E+01   -2.8385172612652700E+00   3.3389368654244200E-01   3.3435796072300400E-01
1.4000000000000000E+01   -2.8591512745403100E+00   3.3393310836074800E-01   3.3436374233213800E-01
1.5000000000000000E+01   -2.8801021134577500E+00   3.3397863312989900E-01   3.3437722461590000E-01
1.6000000000000000E+01   -2.9012020869810600E+00   3.3402682399146600E-01   3.3439509003258200E-01
1.7000000000000000E+01   -2.9218126828801400E+00   3.3407549021286000E-01   3.3441532797168200E-01
1.8000000000000000E+01   -2.9411405162499600E+00   3.3412333716997000E-01   3.3443681285783300E-01
1.9000000000000000E+01   -2.9584454145906500E+00   3.3416969990798800E-01   3.3445899573076800E-01
2.0000000000000000E+01   -2.9731508470647700E+00   3.3421433836903900E-01   3.3448168564182100E-01
2.1000000000000000E+01   -2.9848801401266700E+00   3.3425727635573700E-01   3.3450489372105400E-01
2.2000000000000000E+01   -2.9934451933828800E+00   3.3429870666426700E-01   3.3452874991162200E-01
2.3000000000000000E+01   -2.9988110507215500E+00   3.3433885547085200E-01   3.3455338768460400E-01
2.4000000000000000E+01   -3.0010532863334600E+00   3.3437808568350000E-01   3.3457904042009100E-01
2.5000000000000000E+01   -3.0003184521003200E+00   3.3441628174393400E-01   3.3460551001408200E-01
2.7500000000000000E+01   -2.9867184106593300E+00   3.3451026917888600E-01   3.3467718911498800E-01
3.0000000000000000E+01   -2.9588424033710200E+00   3.3460353372646300E-01   3.3475663351620400E-01
3.2500000000000000E+01   -2.9195948958536200E+00   3.3469800726203000E-01   3.3484398201688500E-01
3.5000000000000000E+01   -2.8714014345007600E+00   3.3479568414251800E-01   3.3493965647612900E-01
3.7500000000000000E+01   -2.8162057984293300E+00   3.3489860045129100E-01   3.3504437515180100E-01
4.0000000000000000E+01   -2.7555338565961200E+00   3.3500888962522700E-01   3.3515917190393800E-01
4.2500000000000000E+01   -2.6905558425290000E+00   3.3512880637835500E-01   3.3528539105428500E-01
4.5000000000000000E+01   -2.6221363594733200E+00   3.3526084986835400E-01   3.3542479073704500E-01
4.7500000000000000E+01   -2.5508685973766700E+00   3.3540788386154400E-01   3.3557966294445700E-01
5.0000000000000000E+01   -2.4770916473739100E+00   3.3557343463913100E-01   3.3575315636033400E-01
