0.00E+00   -3.38746232274233E+01   3.33335348697307E-01
2.50E-01   -3.20740113434132E+01   3.82301611724865E+00
5.00E-01   -2.13826576321281E+01   4.25983614341701E+00
7.50E-01   -1.68726327506362E+01   1.78006508530844E+00
1.00E+00   -1.42023639100552E+01   3.08923599838257E+00
1.25E+00   -1.35218037115939E+01   6.94041568946497E-02
1.50E+00   -1.33558559920445E+01   4.07050681449718E-01
1.75E+00   -1.31816700603573E+01   3.12060767936474E-01
2.00E+00   -1.30542604965675E+01   3.35745960349050E-01
2.50E+00   -1.28875005616421E+01   3.31665994919859E-01
3.00E+00   -1.28213136992484E+01   3.33241979190557E-01
3.50E+00   -1.28292338059182E+01   3.33144034563152E-01
4.00E+00   -1.28889063454151E+01   3.33396291894871E-01
4.50E+00   -1.29815807937790E+01   3.33488511032902E-01
5.00E+00   -1.30921511726378E+01   3.33575649341586E-01
6.00E+00   -1.33246154470648E+01   3.33667519306989E-01
7.00E+00   -1.35278588091603E+01   3.33700879443135E-01
8.00E+00   -1.36768485065785E+01   3.33699480969289E-01
9.00E+00   -1.37685628997228E+01   3.33680821139370E-01
1.00E+01   -1.38113110746826E+01   3.33656691015544E-01
1.25E+01   -1.37807087277373E+01   3.33605752422297E-01
1.50E+01   -1.36730084617857E+01   3.33585122812832E-01
1.75E+01   -1.35640733813136E+01   3.33585075251147E-01
2.00E+01   -1.34698834559895E+01   3.33590861466208E-01
2.25E+01   -1.33850582091460E+01   3.33595680088069E-01
2.50E+01   -1.33031220799268E+01   3.33598691168092E-01
3.00E+01   -1.31395833986158E+01   3.33602879323894E-01
3.50E+01   -1.29775773388291E+01   3.33607599712132E-01
4.00E+01   -1.28189461515174E+01   3.33612954259361E-01
4.50E+01   -1.26637388826313E+01   3.33618658607839E-01
5.00E+01   -1.25119322590663E+01   3.33624782174776E-01
