0.000000000000000E+00   -2.139999999999990E+01   3.333329231631330E-01   3.333330035383960E-01
5.263157894736840E-02   -2.079109395891950E+01   5.281910818435260E+00   3.854029285308290E+00
1.052631578947360E-01   -2.005679583450210E+01   6.137954756655200E+00   6.430134323788410E+00
1.578947368421050E-01   -1.983494059557290E+01   1.541338253590340E+00   6.573725679238340E+00
2.105263157894730E-01   -1.971882028227020E+01   3.048614316981680E+00   8.053470831043240E+00
2.631578947368420E-01   -1.949817427995040E+01   3.964156466035470E+00   4.638658400372640E+00
3.157894736842100E-01   -1.861053330694030E+01   4.363182060057570E+00   2.444714639764220E+00
3.684210526315780E-01   -1.773740245137060E+01   4.332923656772160E+00   5.001426615263820E+00
4.210526315789470E-01   -1.704800047862400E+01   4.311276920707080E+00   4.363384387713870E+00
4.736842105263150E-01   -1.642067857165180E+01   4.807854353959130E+00   4.676233824115190E+00
5.263157894736840E-01   -1.609923238907390E+01   1.696431365864780E+00   7.771211713933080E+00
5.789473684210520E-01   -1.607522342234970E+01   2.469413704584320E+00   1.965686570264320E+00
6.315789473684210E-01   -1.559957958040420E+01   2.049875775899670E+00   4.639206556146890E+00
6.842105263157890E-01   -1.516031811870220E+01   3.705214202959840E+00   1.002387651948320E+00
7.368421052631570E-01   -1.405608945875610E+01   4.006380376952050E+00   4.845899585569870E+00
7.894736842105260E-01   -1.326975111823560E+01   3.461827643434520E+00   1.806721216601770E+00
8.421052631578940E-01   -1.168920202840690E+01   3.369858867030340E+00   2.058330382865610E+00
8.947368421052630E-01   -1.073612002716170E+01   2.680624436498020E+00   2.579810770886460E+00
9.473684210526310E-01   -1.006835787518790E+01   2.840924023815500E+00   2.857532880984510E+00
1.000000000000000E+00   -9.466967253574640E+00   2.041393626970490E+00   2.126430202633160E+00
1.111111111111110E+00   -8.612004547528470E+00   1.963252730634110E+00   3.037581608275730E+00
1.222222222222220E+00   -7.521989543930150E+00   4.243079898018200E+00   3.266082455730980E+00
1.333333333333330E+00   -5.572324878459690E+00   3.431050285584450E+00   2.145425742351310E+00
1.444444444444440E+00   -4.592844026651830E+00   2.350219512985600E+00   3.413753691560180E+00
1.555555555555550E+00   -3.790625441288010E+00   2.870472949862460E+00   1.818140444145310E+00
1.666666666666660E+00   -2.869111394106890E+00   2.735207574893520E+00   2.789201972185550E+00
1.777777777777770E+00   -2.328607579520820E+00   2.236012992941070E+00   2.142832520338370E+00
1.888888888888880E+00   -1.949559119013660E+00   2.204738599092940E+00   2.207828453934070E+00
2.000000000000000E+00   -1.722811761633830E+00   2.979701609682080E+00   2.991630968315460E+00
2.250000000000000E+00   -1.611608009027500E+00   1.118622417747400E+00   1.124599232067990E+00
2.500000000000000E+00   -1.697727660432040E+00   2.245216234822810E-01   2.249678433565300E-01
2.750000000000000E+00   -1.809109668124800E+00   3.858400829338510E-01   3.875025356523570E-01
3.000000000000000E+00   -1.929461050172180E+00   3.261541495440110E-01   3.273475619498390E-01
3.250000000000000E+00   -2.046773287131460E+00   3.368122873542320E-01   3.379942966864570E-01
3.500000000000000E+00   -2.159370127470010E+00   3.323166402725530E-01   3.333703735945930E-01
3.750000000000000E+00   -2.266182729534640E+00   3.331125621909040E-01   3.340767815593070E-01
4.000000000000000E+00   -2.367115073965870E+00   3.329495986450970E-01   3.338250006818280E-01
4.250000000000000E+00   -2.462179304051820E+00   3.331979054713310E-01   3.339971166295440E-01
4.500000000000000E+00   -2.551472108072860E+00   3.333653297772590E-01   3.340976921940160E-01
4.750000000000000E+00   -2.635111157772470E+00   3.335339476417740E-01   3.342091009704650E-01
5.000000000000000E+00   -2.713233242758410E+00   3.336668023622680E-01   3.342923066130870E-01
5.500000000000000E+00   -2.853556395962380E+00   3.338646855764570E-01   3.344090035910360E-01
6.000000000000000E+00   -2.973820387234530E+00   3.340049635295370E-01   3.344843806877240E-01
6.500000000000000E+00   -3.075562664586670E+00   3.341111916091420E-01   3.345361145650030E-01
7.000000000000000E+00   -3.160439333550370E+00   3.341875299626410E-01   3.345656044657820E-01
7.500000000000000E+00   -3.230175200344310E+00   3.342350747192200E-01   3.345724803593960E-01
8.000000000000000E+00   -3.286517460188930E+00   3.342581287230740E-01   3.345602712876830E-01
8.500000000000000E+00   -3.331193449682550E+00   3.342631905469150E-01   3.345349012292640E-01
9.000000000000000E+00   -3.365873186915310E+00   3.342572054658060E-01   3.345027636845490E-01
9.500000000000000E+00   -3.392137418996380E+00   3.342459605485820E-01   3.344690834816730E-01
1.000000000000000E+01   -3.411451711618480E+00   3.342340616098080E-01   3.344379303829790E-01
1.100000000000000E+01   -3.434331439554310E+00   3.342173454855980E-01   3.343901953819790E-01
1.200000000000000E+01   -3.443286655799430E+00   3.342157888657120E-01   3.343647485285170E-01
1.300000000000000E+01   -3.444740547860490E+00   3.342284539483070E-01   3.343579607230040E-01
1.400000000000000E+01   -3.442869574146920E+00   3.342511067940470E-01   3.343637423321380E-01
1.500000000000000E+01   -3.439988874702190E+00   3.342799959906950E-01   3.343772246159000E-01
1.600000000000000E+01   -3.437043074025140E+00   3.343123492417130E-01   3.343950900325820E-01
1.700000000000000E+01   -3.434098181940790E+00   3.343463142782990E-01   3.344153279716820E-01
1.800000000000000E+01   -3.430759782852200E+00   3.343807066641050E-01   3.344368128578330E-01
1.900000000000000E+01   -3.426480021159040E+00   3.344148318403490E-01   3.344589957307680E-01
2.000000000000000E+01   -3.420749086595410E+00   3.344483511763370E-01   3.344816856418210E-01
2.100000000000000E+01   -3.413189330492890E+00   3.344811695186180E-01   3.345048937210540E-01
2.200000000000000E+01   -3.403580177414810E+00   3.345133666143460E-01   3.345287499116220E-01
2.300000000000000E+01   -3.391842258618470E+00   3.345450754457200E-01   3.345533876846040E-01
2.400000000000000E+01   -3.378003666213980E+00   3.345765766165860E-01   3.345790404200910E-01
2.500000000000000E+01   -3.362163632930880E+00   3.346077169628410E-01   3.346055100140820E-01
2.750000000000000E+01   -3.314775133945820E+00   3.346865951526230E-01   3.346771891149880E-01
3.000000000000000E+01   -3.258288722987860E+00   3.347679450811190E-01   3.347566335162040E-01
3.250000000000000E+01   -3.195124701334390E+00   3.348532879419420E-01   3.348439820168850E-01
3.500000000000000E+01   -3.127392682525860E+00   3.349443603435490E-01   3.349396564761290E-01
3.750000000000000E+01   -3.056793964904950E+00   3.350430617057350E-01   3.350443751518010E-01
4.000000000000000E+01   -2.984552224129900E+00   3.351514325615680E-01   3.351591719039380E-01
4.250000000000000E+01   -2.911405412268130E+00   3.352716131375950E-01   3.352853910542850E-01
4.500000000000000E+01   -2.837689532832800E+00   3.354059558151070E-01   3.354247907370450E-01
4.750000000000000E+01   -2.763483309267370E+00   3.355571921701390E-01   3.355796629444570E-01
5.000000000000000E+01   -2.688757544208140E+00   3.357288232277580E-01   3.357531563603340E-01
