0.00000E+00   -2.494999999999990E+01   3.333344749531840E-01   3.333353486973070E-01
2.50000E-01   -2.301134822260860E+01   4.860332616781160E+00   3.823016117248650E+00
5.00000E-01   -2.073568408644150E+01   3.352684450598850E+00   4.259836143417010E+00
7.50000E-01   -1.863754154656370E+01   2.860496080295460E+00   1.780065085308440E+00
1.00000E+00   -1.591164735701740E+01   3.491789083878080E+00   3.089235998382570E+00
1.25000E+00   -1.433112255347490E+01   5.282355028573100E-03   6.940415689464970E-02
1.50000E+00   -1.336907873821670E+01   4.254957870891110E-01   4.070506814497180E-01
1.75000E+00   -1.241099330344940E+01   3.070197439364670E-01   3.120607679364740E-01
2.00000E+00   -1.159711026689340E+01   3.364392237831770E-01   3.357459603490500E-01
2.50000E+00   -1.028968652825220E+01   3.312589105471790E-01   3.316659949198590E-01
3.00000E+00   -9.385260283613470E+00   3.331050379618340E-01   3.332419791905570E-01
3.50000E+00   -8.823729704101690E+00   3.328923444105670E-01   3.331440345631520E-01
4.00000E+00   -8.542311945447760E+00   3.331401928286270E-01   3.333962918948710E-01
4.50000E+00   -8.477567965912180E+00   3.332140677311720E-01   3.334885110329020E-01
5.00000E+00   -8.570313101563050E+00   3.333012977139480E-01   3.335756493415860E-01
6.00000E+00   -9.034949769329190E+00   3.334099454705020E-01   3.336675193069890E-01
7.00000E+00   -9.635743364113760E+00   3.334677092100490E-01   3.337008794431350E-01
8.00000E+00   -1.020212139741440E+01   3.334878419780030E-01   3.336994809692890E-01
9.00000E+00   -1.066257042524630E+01   3.334864827544400E-01   3.336808211393700E-01
1.00000E+01   -1.100393363808030E+01   3.334762774466980E-01   3.336566910155440E-01
1.25000E+01   -1.144875020024930E+01   3.334505684133000E-01   3.336057524222970E-01
1.50000E+01   -1.158344551215730E+01   3.334469413841170E-01   3.335851228128320E-01
1.75000E+01   -1.163603038168240E+01   3.334596044755910E-01   3.335850752511470E-01
2.00000E+01   -1.169211433417950E+01   3.334762286274590E-01   3.335908614662080E-01
2.25000E+01   -1.175890885125930E+01   3.334910175503940E-01   3.335956800880690E-01
2.50000E+01   -1.182231919152060E+01   3.335032065237560E-01   3.335986911680920E-01
3.00000E+01   -1.190695685427340E+01   3.335229052537380E-01   3.336028793238940E-01
3.50000E+01   -1.193129436053440E+01   3.335391807242590E-01   3.336075997121320E-01
4.00000E+01   -1.190297207146190E+01   3.335523935446270E-01   3.336129542593610E-01
4.50000E+01   -1.182532639619720E+01   3.335624268294950E-01   3.336186586078390E-01
5.00000E+01   -1.169931663626840E+01   3.335693248308210E-01   3.336247821747760E-01
