0.000000000000000E+00   -1.260000000000000E+01   3.333318443566510E-01   3.333330035383960E-01
5.263157894736840E-02   -1.205252382825640E+01   6.823008275064640E+00   3.854029285308290E+00
1.052631578947360E-01   -1.144693376696070E+01   5.236788746523030E+00   6.430134323788410E+00
1.578947368421050E-01   -1.109615667052100E+01   5.719089505742670E+00   6.573725679238340E+00
2.105263157894730E-01   -1.089479247168890E+01   2.673341517224460E+00   8.053470831043240E+00
2.631578947368420E-01   -1.083178719765240E+01   2.238933043985100E+00   4.638658400372640E+00
3.157894736842100E-01   -1.051445857665790E+01   3.011010430874870E+00   2.444714639764220E+00
3.684210526315780E-01   -1.012346602770640E+01   3.446296071600350E+00   5.001426615263820E+00
4.210526315789470E-01   -9.826102569427480E+00   3.067492031181580E+00   4.363384387713870E+00
4.736842105263150E-01   -9.384281017943020E+00   5.183019473168800E+00   4.676233824115190E+00
5.263157894736840E-01   -9.217689701430060E+00   1.905279287807470E+00   7.771211713933080E+00
5.789473684210520E-01   -9.084082091716400E+00   2.747894471927610E+00   1.965686570264320E+00
6.315789473684210E-01   -8.820060878366600E+00   1.725071247086120E+00   4.639206556146890E+00
6.842105263157890E-01   -8.441463173131800E+00   3.833377976845920E+00   1.002387651948320E+00
7.368421052631570E-01   -8.106093035895880E+00   1.575159423142460E+00   4.845899585569870E+00
7.894736842105260E-01   -7.802561117814240E+00   3.856032451204630E+00   1.806721216601770E+00
8.421052631578940E-01   -6.916309128554490E+00   1.842632369401140E+00   2.058330382865610E+00
8.947368421052630E-01   -5.718280664739230E+00   6.581802935900420E+00   2.579810770886460E+00
9.473684210526310E-01   -4.784972078482470E+00   1.953733576583830E+00   2.857532880984510E+00
1.000000000000000E+00   -3.858973099934910E+00   5.876345593891700E+00   2.126430202633160E+00
1.111111111111110E+00   -2.498527917835380E+00   1.285794498665370E+00   3.037581608275730E+00
1.222222222222220E+00   -2.008257774037250E+00   2.157883627242790E+00   3.266082455730980E+00
1.333333333333330E+00   -9.768072663680060E-01   2.722580685113670E+00   2.145425742351310E+00
1.444444444444440E+00   -1.479080139361790E-01   1.753993024317970E+00   3.413753691560180E+00
1.555555555555550E+00   -1.777371131471890E-02   2.083428597969330E+00   1.818140444145310E+00
1.666666666666660E+00   -2.012865057919280E-01   3.727612967026750E+00   2.789201972185550E+00
1.777777777777770E+00   -2.763330610094320E-01   2.401092809118010E+00   2.142832520338370E+00
1.888888888888880E+00   -3.365209383513660E-01   2.340858256439760E+00   2.207828453934070E+00
2.000000000000000E+00   -3.933475442859660E-01   3.060196547848760E+00   2.991630968315460E+00
2.250000000000000E+00   -5.019665080361920E-01   1.137015237477200E+00   1.124599232067990E+00
2.500000000000000E+00   -5.797857751313240E-01   2.280957257750200E-01   2.249678433565300E-01
2.750000000000000E+00   -6.449889722460860E-01   3.858815178707200E-01   3.875025356523570E-01
3.000000000000000E+00   -7.087176075279900E-01   3.261793052215750E-01   3.273475619498390E-01
3.250000000000000E+00   -7.693483410019920E-01   3.358650174253970E-01   3.379942966864570E-01
3.500000000000000E+00   -8.277797004672800E-01   3.311558121936550E-01   3.333703735945930E-01
3.750000000000000E+00   -8.840855220079150E-01   3.317313169082660E-01   3.340767815593070E-01
4.000000000000000E+00   -9.384529772584440E-01   3.314733007835360E-01   3.338250006818280E-01
4.250000000000000E+00   -9.909955290548400E-01   3.316619746800400E-01   3.339971166295440E-01
4.500000000000000E+00   -1.041817701513170E+00   3.317969657806370E-01   3.340976921940160E-01
4.750000000000000E+00   -1.091007830866390E+00   3.319483742894290E-01   3.342091009704650E-01
5.000000000000000E+00   -1.138645144077980E+00   3.320709590441040E-01   3.342923066130870E-01
5.500000000000000E+00   -1.229541612477850E+00   3.322714698267890E-01   3.344090035910360E-01
6.000000000000000E+00   -1.315010545993690E+00   3.324311946690390E-01   3.344843806877240E-01
6.500000000000000E+00   -1.395478538918660E+00   3.325679686480820E-01   3.345361145650030E-01
7.000000000000000E+00   -1.471313062905410E+00   3.326845625422700E-01   3.345656044657820E-01
7.500000000000000E+00   -1.542834645008890E+00   3.327796685755730E-01   3.345724803593960E-01
8.000000000000000E+00   -1.610326346644360E+00   3.328552251579010E-01   3.345602712876830E-01
8.500000000000000E+00   -1.674041330515030E+00   3.329155743807050E-01   3.345349012292640E-01
9.000000000000000E+00   -1.734208786469650E+00   3.329657659548130E-01   3.345027636845490E-01
9.500000000000000E+00   -1.791038539590340E+00   3.330101919718290E-01   3.344690834816730E-01
1.000000000000000E+01   -1.844724622843110E+00   3.330529959858880E-01   3.344379303829790E-01
1.100000000000000E+01   -1.943376885211350E+00   3.331391790965050E-01   3.343901953819790E-01
1.200000000000000E+01   -2.031484969921390E+00   3.332303211027660E-01   3.343647485285170E-01
1.300000000000000E+01   -2.110226126106510E+00   3.333248243020160E-01   3.343579607230040E-01
1.400000000000000E+01   -2.180653545916740E+00   3.334184815589950E-01   3.343637423321380E-01
1.500000000000000E+01   -2.243704575506350E+00   3.335083857317500E-01   3.343772246159000E-01
1.600000000000000E+01   -2.300204643334710E+00   3.335929963379910E-01   3.343950900325820E-01
1.700000000000000E+01   -2.350870880655200E+00   3.336718996429920E-01   3.344153279716820E-01
1.800000000000000E+01   -2.396317364264140E+00   3.337453315646340E-01   3.344368128578330E-01
1.900000000000000E+01   -2.437062494949490E+00   3.338138783846250E-01   3.344589957307680E-01
2.000000000000000E+01   -2.473538236723960E+00   3.338782570607400E-01   3.344816856418210E-01
2.100000000000000E+01   -2.506100588570110E+00   3.339391876358940E-01   3.345048937210540E-01
2.200000000000000E+01   -2.535040585316850E+00   3.339973420100500E-01   3.345287499116220E-01
2.300000000000000E+01   -2.560595195227100E+00   3.340532621163680E-01   3.345533876846040E-01
2.400000000000000E+01   -2.582957619669610E+00   3.341074961520270E-01   3.345790404200910E-01
2.500000000000000E+01   -2.602286647949680E+00   3.341600706849180E-01   3.346055100140820E-01
2.750000000000000E+01   -2.638145112890420E+00   3.342874079153080E-01   3.346771891149880E-01
3.000000000000000E+01   -2.657445798086170E+00   3.344104859606260E-01   3.347566335162040E-01
3.250000000000000E+01   -2.661529279927200E+00   3.345311779571810E-01   3.348439820168850E-01
3.500000000000000E+01   -2.651648727720950E+00   3.346513492195910E-01   3.349396564761290E-01
3.750000000000000E+01   -2.629052507580350E+00   3.347729705926170E-01   3.350443751518010E-01
4.000000000000000E+01   -2.594964306097980E+00   3.348981433278670E-01   3.351591719039380E-01
4.250000000000000E+01   -2.550514214424630E+00   3.350290797458070E-01   3.352853910542850E-01
4.500000000000000E+01   -2.496657102215610E+00   3.351681653607710E-01   3.354247907370450E-01
4.750000000000000E+01   -2.434098420798750E+00   3.353180230992840E-01   3.355796629444570E-01
5.000000000000000E+01   -2.363234682395760E+00   3.354817215860550E-01   3.357531563603340E-01
