0.000000000000000E+00   -1.610000000000000E+01   3.333330055926660E-01   3.333330035383960E-01
5.263157894736840E-02   -1.428750731293850E+01   7.003918672427870E+00   3.854029285308290E+00
1.052631578947360E-01   -1.234169050144230E+01   5.360481641445530E+00   6.430134323788410E+00
1.578947368421050E-01   -1.117914487544490E+01   5.902417831208300E+00   6.573725679238340E+00
2.105263157894730E-01   -1.071496331347800E+01   2.450855976886080E+00   8.053470831043240E+00
2.631578947368420E-01   -1.043842935343860E+01   2.288939472589820E+00   4.638658400372640E+00
3.157894736842100E-01   -9.632100998816940E+00   3.028105144304560E+00   2.444714639764220E+00
3.684210526315780E-01   -8.554734484695550E+00   3.463093448346030E+00   5.001426615263820E+00
4.210526315789470E-01   -7.809884358640630E+00   3.062026166229680E+00   4.363384387713870E+00
4.736842105263150E-01   -6.744287855685690E+00   4.988566329148780E+00   4.676233824115190E+00
5.263157894736840E-01   -6.382638573095590E+00   1.839196572989650E+00   7.771211713933080E+00
5.789473684210520E-01   -6.081563785503040E+00   2.616746603776610E+00   1.965686570264320E+00
6.315789473684210E-01   -5.485909863422470E+00   1.860558688773830E+00   4.639206556146890E+00
6.842105263157890E-01   -4.642720494588690E+00   3.660965420386700E+00   1.002387651948320E+00
7.368421052631570E-01   -3.942093091107950E+00   1.669637683309080E+00   4.845899585569870E+00
7.894736842105260E-01   -3.361068594828460E+00   3.448267195202440E+00   1.806721216601770E+00
8.421052631578940E-01   -1.272430582763320E+00   2.733398431340630E+00   2.058330382865610E+00
8.947368421052630E-01   3.227205301178850E-01   3.837913079927730E+00   2.579810770886460E+00
9.473684210526310E-01   8.448536437323150E-02   1.934981364549880E+00   2.857532880984510E+00
1.000000000000000E+00   -8.966607156381550E-02   4.044099867422480E+00   2.126430202633160E+00
1.111111111111110E+00   -5.656505761900550E-01   7.096695054640680E+00   3.037581608275730E+00
1.222222222222220E+00   -6.104077003472820E-01   3.706505417594850E-02   3.266082455730980E+00
1.333333333333330E+00   -6.320072557810930E-01   2.978124551335900E+00   2.145425742351310E+00
1.444444444444440E+00   -7.191361368706320E-01   2.169460100072990E+00   3.413753691560180E+00
1.555555555555550E+00   -8.211853154311970E-01   3.681394766450240E+00   1.818140444145310E+00
1.666666666666660E+00   -9.676895596301580E-01   2.783580370046210E+00   2.789201972185550E+00
1.777777777777770E+00   -1.058902816008990E+00   2.353070603970830E+00   2.142832520338370E+00
1.888888888888880E+00   -1.146408605033230E+00   2.250365029719100E+00   2.207828453934070E+00
2.000000000000000E+00   -1.227453555857330E+00   3.035670275497720E+00   2.991630968315460E+00
2.250000000000000E+00   -1.388351666239710E+00   1.126477892531590E+00   1.124599232067990E+00
2.500000000000000E+00   -1.508409175991390E+00   2.257947557508310E-01   2.249678433565300E-01
2.750000000000000E+00   -1.610162682549730E+00   3.865932816672220E-01   3.875025356523570E-01
3.000000000000000E+00   -1.708278245008530E+00   3.266889574416080E-01   3.273475619498390E-01
3.250000000000000E+00   -1.799938358369890E+00   3.371611117008580E-01   3.379942966864570E-01
3.500000000000000E+00   -1.886240607175360E+00   3.325946550066950E-01   3.333703735945930E-01
3.750000000000000E+00   -1.967099754590420E+00   3.333296831010820E-01   3.340767815593070E-01
4.000000000000000E+00   -2.042667803223610E+00   3.331221974753600E-01   3.338250006818280E-01
4.250000000000000E+00   -2.113029283236020E+00   3.333269206723200E-01   3.339971166295440E-01
4.500000000000000E+00   -2.178294558465870E+00   3.334510357779290E-01   3.340976921940160E-01
4.750000000000000E+00   -2.238582862937770E+00   3.335746038514520E-01   3.342091009704650E-01
5.000000000000000E+00   -2.294028500422940E+00   3.336616588783050E-01   3.342923066130870E-01
5.500000000000000E+00   -2.391004781324920E+00   3.337721879178500E-01   3.344090035910360E-01
6.000000000000000E+00   -2.470561737173690E+00   3.338346057359620E-01   3.344843806877240E-01
6.500000000000000E+00   -2.534190747675310E+00   3.338755209344350E-01   3.345361145650030E-01
7.000000000000000E+00   -2.583501998080830E+00   3.338994314161520E-01   3.345656044657820E-01
7.500000000000000E+00   -2.620178743538050E+00   3.339060943222860E-01   3.345724803593960E-01
8.000000000000000E+00   -2.645932331038960E+00   3.338976676784520E-01   3.345602712876830E-01
8.500000000000000E+00   -2.662459129085630E+00   3.338782516172580E-01   3.345349012292640E-01
9.000000000000000E+00   -2.671400831584270E+00   3.338529000643440E-01   3.345027636845490E-01
9.500000000000000E+00   -2.674309478453920E+00   3.338259348148390E-01   3.344690834816730E-01
1.000000000000000E+01   -2.672618269812160E+00   3.338010384763060E-01   3.344379303829790E-01
1.100000000000000E+01   -2.660364001983130E+00   3.337642133752400E-01   3.343901953819790E-01
1.200000000000000E+01   -2.642974380989800E+00   3.337484462050320E-01   3.343647485285170E-01
1.300000000000000E+01   -2.626266350456180E+00   3.337516947770580E-01   3.343579607230040E-01
1.400000000000000E+01   -2.613647255094340E+00   3.337691670438120E-01   3.343637423321380E-01
1.500000000000000E+01   -2.606555171197640E+00   3.337966469738450E-01   3.343772246159000E-01
1.600000000000000E+01   -2.605024483018210E+00   3.338308562448570E-01   3.343950900325820E-01
1.700000000000000E+01   -2.608246651895200E+00   3.338694014885430E-01   3.344153279716820E-01
1.800000000000000E+01   -2.615034096769560E+00   3.339105687528720E-01   3.344368128578330E-01
1.900000000000000E+01   -2.624145312565290E+00   3.339531860940990E-01   3.344589957307680E-01
2.000000000000000E+01   -2.634472996971560E+00   3.339965063200110E-01   3.344816856418210E-01
2.100000000000000E+01   -2.645123578766510E+00   3.340400955479130E-01   3.345048937210540E-01
2.200000000000000E+01   -2.655425459376800E+00   3.340837531876640E-01   3.345287499116220E-01
2.300000000000000E+01   -2.664899770338630E+00   3.341273762809270E-01   3.345533876846040E-01
2.400000000000000E+01   -2.673218117065350E+00   3.341710537794410E-01   3.345790404200910E-01
2.500000000000000E+01   -2.680161714945320E+00   3.342144437718910E-01   3.346055100140820E-01
2.750000000000000E+01   -2.690749986141460E+00   3.343235310509270E-01   3.346771891149880E-01
3.000000000000000E+01   -2.691035136039990E+00   3.344332867787540E-01   3.347566335162040E-01
3.250000000000000E+01   -2.680944643733750E+00   3.345442266528110E-01   3.348439820168850E-01
3.500000000000000E+01   -2.660868910487940E+00   3.346574265388130E-01   3.349396564761290E-01
3.750000000000000E+01   -2.631360306494920E+00   3.347742816881250E-01   3.350443751518010E-01
4.000000000000000E+01   -2.592954842147360E+00   3.348963984233170E-01   3.351591719039380E-01
4.250000000000000E+01   -2.546083330449100E+00   3.350255225491220E-01   3.352853910542850E-01
4.500000000000000E+01   -2.491045544651090E+00   3.351636104146720E-01   3.354247907370450E-01
4.750000000000000E+01   -2.428012435608210E+00   3.353129274772980E-01   3.355796629444570E-01
5.000000000000000E+01   -2.357031370480870E+00   3.354763009516850E-01   3.357531563603340E-01
