0.00000E+00   -2.544999999999990E+01   3.333354256343170E-01   3.333353486973070E-01
2.50000E-01   -2.332663705863850E+01   5.041492569824570E+00   3.823016117248650E+00
5.00000E-01   -2.108803170880600E+01   3.034641374468680E+00   4.259836143417010E+00
7.50000E-01   -1.893581747170020E+01   3.336263641766270E+00   1.780065085308440E+00
1.00000E+00   -1.599161680886220E+01   3.329733580430660E+00   3.089235998382570E+00
1.25000E+00   -1.446257850464540E+01   3.021356260635080E-02   6.940415689464970E-02
1.50000E+00   -1.348151719185290E+01   4.182182014813450E-01   4.070506814497180E-01
1.75000E+00   -1.253462933400130E+01   3.089019283815200E-01   3.120607679364740E-01
2.00000E+00   -1.172891375324770E+01   3.361114217551920E-01   3.357459603490500E-01
2.50000E+00   -1.044048907105970E+01   3.313677749309130E-01   3.316659949198590E-01
3.00000E+00   -9.549103541556710E+00   3.330990095888770E-01   3.332419791905570E-01
3.50000E+00   -8.991876611386590E+00   3.329184624017720E-01   3.331440345631520E-01
4.00000E+00   -8.706514504978690E+00   3.331574784429640E-01   3.333962918948710E-01
4.50000E+00   -8.631940458993760E+00   3.332319552467640E-01   3.334885110329020E-01
5.00000E+00   -8.711764620354550E+00   3.333163468806130E-01   3.335756493415860E-01
6.00000E+00   -9.149588039490050E+00   3.334205884831570E-01   3.336675193069890E-01
7.00000E+00   -9.729360915194440E+00   3.334753021404740E-01   3.337008794431350E-01
8.00000E+00   -1.028214468002980E+01   3.334938545664960E-01   3.336994809692890E-01
9.00000E+00   -1.073459179745410E+01   3.334917433658740E-01   3.336808211393700E-01
1.00000E+01   -1.107148434140970E+01   3.334812014436750E-01   3.336566910155440E-01
1.25000E+01   -1.151331084132810E+01   3.334553312829120E-01   3.336057524222970E-01
1.50000E+01   -1.165022293977280E+01   3.334518506020890E-01   3.335851228128320E-01
1.75000E+01   -1.170552762386370E+01   3.334646518516830E-01   3.335850752511470E-01
2.00000E+01   -1.176251671957790E+01   3.334812764867320E-01   3.335908614662080E-01
2.25000E+01   -1.182816434845350E+01   3.334959291080450E-01   3.335956800880690E-01
2.50000E+01   -1.188923480273540E+01   3.335079122196070E-01   3.335986911680920E-01
3.00000E+01   -1.196865710986610E+01   3.335272015751070E-01   3.336028793238940E-01
3.50000E+01   -1.198897263209350E+01   3.335431864474700E-01   3.336075997121320E-01
4.00000E+01   -1.195794982865720E+01   3.335562261158640E-01   3.336129542593610E-01
4.50000E+01   -1.187869441281010E+01   3.335661849292000E-01   3.336186586078390E-01
5.00000E+01   -1.175214110850470E+01   3.335731060818190E-01   3.336247821747760E-01
