0.0000000000000000E+00   -1.7700000000000000E+01   3.3333302307405500E-01   3.3333300353839600E-01
5.2631578947368400E-02   -1.6106341759797800E+01   6.7570512353688500E+00   3.8540292853082900E+00
1.0526315789473600E-01   -1.4327035274161200E+01   5.5047237106650900E+00   6.4301343237884100E+00
1.5789473684210500E-01   -1.3288214759977900E+01   5.6323474699312000E+00   6.5737256792383400E+00
2.1052631578947300E-01   -1.2878848552062700E+01   2.4595536362433200E+00   8.0534708310432400E+00
2.6315789473684200E-01   -1.2639553661268800E+01   2.1670803757529900E+00   4.6386584003726400E+00
3.1578947368421000E-01   -1.1954342233752200E+01   2.9562808059850100E+00   2.4447146397642200E+00
3.6842105263157800E-01   -1.1059380076957900E+01   3.2437191796785300E+00   5.0014266152638200E+00
4.2105263157894700E-01   -1.0456361966274700E+01   2.8750779388704600E+00   4.3633843877138700E+00
4.7368421052631500E-01   -9.5691503642467600E+00   4.8525908404679400E+00   4.6762338241151900E+00
5.2631578947368400E-01   -9.2440806335209000E+00   1.8920024468714200E+00   7.7712117139330800E+00
5.7894736842105200E-01   -8.9745327190659900E+00   2.4824242878308300E+00   1.9656865702643200E+00
6.3157894736842100E-01   -8.4200028897884400E+00   2.0152669663962000E+00   4.6392065561468900E+00
6.8421052631578900E-01   -7.6562816767321900E+00   3.2931064527962400E+00   1.0023876519483200E+00
7.3684210526315700E-01   -6.6449356303879500E+00   2.9150666225416000E+00   4.8458995855698700E+00
7.8947368421052600E-01   -5.8468329713465600E+00   3.0317382800124300E+00   1.8067212166017700E+00
8.4210526315789400E-01   -3.4187992489592900E+00   4.2557151842962000E+00   2.0583303828656100E+00
8.9473684210526300E-01   -1.1298405050471900E+00   4.0632262102957100E+00   2.5798107708864600E+00
9.4736842105263100E-01   -9.9832451574506200E-03   2.5849854049333400E+00   2.8575328809845100E+00
1.0000000000000000E+00   -1.2915054985930500E-01   2.2391564371379000E+00   2.1264302026331600E+00
1.1111111111111100E+00   -2.9385887253080400E-01   4.0975711278476200E+00   3.0375816082757300E+00
1.2222222222222200E+00   -3.6449586355306700E-01   1.5145292292897700E+00   3.2660824557309800E+00
1.3333333333333300E+00   -4.2960306252009100E-01   2.6565863350044900E+00   2.1454257423513100E+00
1.4444444444444400E+00   -5.1018130670042500E-01   2.2017232782791300E+00   3.4137536915601800E+00
1.5555555555555500E+00   -6.1324112086067500E-01   3.6033635322563300E+00   1.8181404441453100E+00
1.6666666666666600E+00   -7.5889228378239400E-01   2.7614873149946200E+00   2.7892019721855500E+00
1.7777777777777700E+00   -8.5035086284067800E-01   2.3340858961227100E+00   2.1428325203383700E+00
1.8888888888888800E+00   -9.3809317640965300E-01   2.2385009833975500E+00   2.2078284539340700E+00
2.0000000000000000E+00   -1.0194530572591800E+00   3.0222098548177600E+00   2.9916309683154600E+00
2.2500000000000000E+00   -1.1808996873869400E+00   1.1244873687759200E+00   1.1245992320679900E+00
2.5000000000000000E+00   -1.3014802256076100E+00   2.2537420764504900E-01   2.2496784335653000E-01
2.7500000000000000E+00   -1.4039470194857300E+00   3.8621881384052800E-01   3.8750253565235700E-01
3.0000000000000000E+00   -1.5032042440813000E+00   3.2637150822669200E-01   3.2734756194983900E-01
3.2500000000000000E+00   -1.5964264391375400E+00   3.3688146018946100E-01   3.3799429668645700E-01
3.5000000000000000E+00   -1.6847827415314600E+00   3.3232886393562900E-01   3.3337037359459300E-01
3.7500000000000000E+00   -1.7682236539359300E+00   3.3307940099634300E-01   3.3407678155930700E-01
4.0000000000000000E+00   -1.8469392966152900E+00   3.3288491765240500E-01   3.3382500068182800E-01
4.2500000000000000E+00   -1.9210422511293000E+00   3.3310303330958300E-01   3.3399711662954400E-01
4.5000000000000000E+00   -1.9906647569204500E+00   3.3324025810730000E-01   3.3409769219401600E-01
4.7500000000000000E+00   -2.0559407652386500E+00   3.3337738792529700E-01   3.3420910097046500E-01
5.0000000000000000E+00   -2.1170126765315500E+00   3.3347828326385200E-01   3.3429230661308700E-01
5.5000000000000000E+00   -2.2271548747005200E+00   3.3361538356339100E-01   3.3440900359103600E-01
6.0000000000000000E+00   -2.3223670448622100E+00   3.3370279381059700E-01   3.3448438068772400E-01
6.5000000000000000E+00   -2.4039910852367400E+00   3.3376662756835700E-01   3.3453611456500300E-01
7.0000000000000000E+00   -2.4734104182340800E+00   3.3381177012372000E-01   3.3456560446578200E-01
7.5000000000000000E+00   -2.5320177841224900E+00   3.3383847056982500E-01   3.3457248035939600E-01
8.0000000000000000E+00   -2.5811851050328000E+00   3.3384924884401500E-01   3.3456027128768300E-01
8.5000000000000000E+00   -2.6222359996544800E+00   3.3384852854234300E-01   3.3453490122926400E-01
9.0000000000000000E+00   -2.6564217613128500E+00   3.3384149953688500E-01   3.3450276368454900E-01
9.5000000000000000E+00   -2.6849015143206900E+00   3.3383252728196700E-01   3.3446908348167300E-01
1.0000000000000000E+01   -2.7087270574847300E+00   3.3382527758700000E-01   3.3443793038297900E-01
1.1000000000000000E+01   -2.7459715732768400E+00   3.3382220234162100E-01   3.3439019538197900E-01
1.2000000000000000E+01   -2.7741101911433400E+00   3.3383728118628500E-01   3.3436474852851700E-01
1.3000000000000000E+01   -2.7972865593665500E+00   3.3386746079027700E-01   3.3435796072300400E-01
1.4000000000000000E+01   -2.8180184208543500E+00   3.3390723765421000E-01   3.3436374233213800E-01
1.5000000000000000E+01   -2.8375604087082100E+00   3.3395216674665400E-01   3.3437722461590000E-01
1.6000000000000000E+01   -2.8563006166758700E+00   3.3399918490655900E-01   3.3439509003258200E-01
1.7000000000000000E+01   -2.8741188578982000E+00   3.3404642858123000E-01   3.3441532797168200E-01
1.8000000000000000E+01   -2.8906646681541700E+00   3.3409286753425100E-01   3.3443681285783300E-01
1.9000000000000000E+01   -2.9055428698311600E+00   3.3413803067207600E-01   3.3445899573076800E-01
2.0000000000000000E+01   -2.9184162967400100E+00   3.3418180382179500E-01   3.3448168564182100E-01
2.1000000000000000E+01   -2.9290465609099900E+00   3.3422427697414000E-01   3.3450489372105400E-01
2.2000000000000000E+01   -2.9372959703399400E+00   3.3426566100941500E-01   3.3452874991162200E-01
2.3000000000000000E+01   -2.9431101770379100E+00   3.3430616422708100E-01   3.3455338768460400E-01
2.4000000000000000E+01   -2.9464951947135600E+00   3.3434610797544000E-01   3.3457904042009100E-01
2.5000000000000000E+01   -2.9474965094361900E+00   3.3438531904696800E-01   3.3460551001408200E-01
2.7500000000000000E+01   -2.9400708814423500E+00   3.3448276642058900E-01   3.3467718911498800E-01
3.0000000000000000E+01   -2.9196128630459500E+00   3.3458010205742100E-01   3.3475663351620400E-01
3.2500000000000000E+01   -2.8877142338953600E+00   3.3467859769659700E-01   3.3484398201688500E-01
3.5000000000000000E+01   -2.8460497541112200E+00   3.3477986913437900E-01   3.3493965647612900E-01
3.7500000000000000E+01   -2.7962612321051300E+00   3.3488579443679000E-01   3.3504437515180100E-01
4.0000000000000000E+01   -2.7398377934958100E+00   3.3499847607100300E-01   3.3515917190393800E-01
4.2500000000000000E+01   -2.6780272898078700E+00   3.3512018819429300E-01   3.3528539105428500E-01
4.5000000000000000E+01   -2.6117942303148700E+00   3.3525345072409400E-01   3.3542479073704500E-01
4.7500000000000000E+01   -2.5418106392475300E+00   3.3540112457394700E-01   3.3557966294445700E-01
5.0000000000000000E+01   -2.4684589531436800E+00   3.3556669435346400E-01   3.3575315636033400E-01
