0.000000000000000E+00   -6.200000000000000E+00   3.333328722058910E-01   3.333330035383960E-01
5.263157894736840E-02   -5.338527637570130E+00   5.571450706108800E+00   3.854029285308290E+00
1.052631578947360E-01   -4.018473001274230E+00   6.589740662014890E+00   6.430134323788410E+00
1.578947368421050E-01   -3.010021072895540E+00   6.371595165218570E+00   6.573725679238340E+00
2.105263157894730E-01   -2.708869662889500E+00   2.207324330511180E+00   8.053470831043240E+00
2.631578947368420E-01   -2.528043451013530E+00   2.241956258817030E+00   4.638658400372640E+00
3.157894736842100E-01   -1.987922233215670E+00   2.977933692670730E+00   2.444714639764220E+00
3.684210526315780E-01   -1.279045114424330E+00   3.216711073822950E+00   5.001426615263820E+00
4.210526315789470E-01   -7.029705107475450E-01   3.582728792345070E+00   4.363384387713870E+00
4.736842105263150E-01   -1.779110267946990E-01   2.585421204653920E+00   4.676233824115190E+00
5.263157894736840E-01   -2.913217899165340E-02   1.366027285774790E+00   7.771211713933080E+00
5.789473684210520E-01   5.402848329867400E-02   1.849208148550340E+00   1.965686570264320E+00
6.315789473684210E-01   1.356871685554640E-01   1.953116441792590E+00   4.639206556146890E+00
6.842105263157890E-01   1.691954505395490E-01   3.005962856117140E+00   1.002387651948320E+00
7.368421052631570E-01   1.663007574485910E-01   2.672563304584770E+00   4.845899585569870E+00
7.894736842105260E-01   1.588131299230230E-01   3.289975244207070E+00   1.806721216601770E+00
8.421052631578940E-01   1.336841150642100E-01   2.400930875991330E+00   2.058330382865610E+00
8.947368421052630E-01   9.735337935602360E-02   3.716902976293060E+00   2.579810770886460E+00
9.473684210526310E-01   6.879975710808200E-02   1.961632418179620E+00   2.857532880984510E+00
1.000000000000000E+00   2.439173231571250E-02   4.450913595372340E+00   2.126430202633160E+00
1.111111111111110E+00   -5.093289994058660E-03   1.277082420922730E-01   3.037581608275730E+00
1.222222222222220E+00   -3.729615591497230E-02   1.571250084685160E+00   3.266082455730980E+00
1.333333333333330E+00   -1.495665467422140E-01   2.259229168642640E+00   2.145425742351310E+00
1.444444444444440E+00   -2.544043593482550E-01   2.176290393258820E+00   3.413753691560180E+00
1.555555555555550E+00   -3.877535908237290E-01   3.447682845274720E+00   1.818140444145310E+00
1.666666666666660E+00   -5.662702286485900E-01   2.731073442949980E+00   2.789201972185550E+00
1.777777777777770E+00   -6.786036866489490E-01   2.307607565989000E+00   2.142832520338370E+00
1.888888888888880E+00   -7.854156608506820E-01   2.225831557324080E+00   2.207828453934070E+00
2.000000000000000E+00   -8.840465461265480E-01   3.007186624314400E+00   2.991630968315460E+00
2.250000000000000E+00   -1.078026269247400E+00   1.121490410621490E+00   1.124599232067990E+00
2.500000000000000E+00   -1.222098533907810E+00   2.249830628215650E-01   2.249678433565300E-01
2.750000000000000E+00   -1.344308800781150E+00   3.857848643400020E-01   3.875025356523570E-01
3.000000000000000E+00   -1.462524810752400E+00   3.261040867083600E-01   3.273475619498390E-01
3.250000000000000E+00   -1.573454269841760E+00   3.366925006218320E-01   3.379942966864570E-01
3.500000000000000E+00   -1.678549255717420E+00   3.322018825017000E-01   3.333703735945930E-01
3.750000000000000E+00   -1.777801650867540E+00   3.329978251057560E-01   3.340767815593070E-01
4.000000000000000E+00   -1.871482237953310E+00   3.328398711343970E-01   3.338250006818280E-01
4.250000000000000E+00   -1.959763899221620E+00   3.330879572970520E-01   3.339971166295440E-01
4.500000000000000E+00   -2.042837316560680E+00   3.332503796516020E-01   3.340976921940160E-01
4.750000000000000E+00   -2.120889644360730E+00   3.334083275096530E-01   3.342091009704650E-01
5.000000000000000E+00   -2.194112589805810E+00   3.335267528645340E-01   3.342923066130870E-01
5.500000000000000E+00   -2.326857195448620E+00   3.336897723299560E-01   3.344090035910360E-01
6.000000000000000E+00   -2.442660474011040E+00   3.337948960207480E-01   3.344843806877240E-01
6.500000000000000E+00   -2.543116264394370E+00   3.338715687867350E-01   3.345361145650030E-01
7.000000000000000E+00   -2.629802482183400E+00   3.339265874511230E-01   3.345656044657820E-01
7.500000000000000E+00   -2.704255336321550E+00   3.339612995385360E-01   3.345724803593960E-01
8.000000000000000E+00   -2.767947227621280E+00   3.339788194360450E-01   3.345602712876830E-01
8.500000000000000E+00   -2.822267754448830E+00   3.339838958095840E-01   3.345349012292640E-01
9.000000000000000E+00   -2.868507907514480E+00   3.339819047619530E-01   3.345027636845490E-01
9.500000000000000E+00   -2.907847776987800E+00   3.339773149049690E-01   3.344690834816730E-01
1.000000000000000E+01   -2.941348125140580E+00   3.339738632683620E-01   3.344379303829790E-01
1.100000000000000E+01   -2.994398319299000E+00   3.339766813307610E-01   3.343901953819790E-01
1.200000000000000E+01   -3.033648651208050E+00   3.339954317098770E-01   3.343647485285170E-01
1.300000000000000E+01   -3.063365174560220E+00   3.340270821129720E-01   3.343579607230040E-01
1.400000000000000E+01   -3.086332764605100E+00   3.340662038180190E-01   3.343637423321380E-01
1.500000000000000E+01   -3.104226111278140E+00   3.341085431495300E-01   3.343772246159000E-01
1.600000000000000E+01   -3.117975587646110E+00   3.341513246556690E-01   3.343950900325820E-01
1.700000000000000E+01   -3.128073636171500E+00   3.341930298704610E-01   3.344153279716820E-01
1.800000000000000E+01   -3.134796908058650E+00   3.342329833704530E-01   3.344368128578330E-01
1.900000000000000E+01   -3.138344256932010E+00   3.342710434618590E-01   3.344589957307680E-01
2.000000000000000E+01   -3.138906249355440E+00   3.343073779200530E-01   3.344816856418210E-01
2.100000000000000E+01   -3.136687972038410E+00   3.343423027739410E-01   3.345048937210540E-01
2.200000000000000E+01   -3.131905982125940E+00   3.343761991354580E-01   3.345287499116220E-01
2.300000000000000E+01   -3.124775408425710E+00   3.344093978981430E-01   3.345533876846040E-01
2.400000000000000E+01   -3.115497212332320E+00   3.344422960111800E-01   3.345790404200910E-01
2.500000000000000E+01   -3.104250289249970E+00   3.344747870076780E-01   3.346055100140820E-01
2.750000000000000E+01   -3.068460892165450E+00   3.345568789754620E-01   3.346771891149880E-01
3.000000000000000E+01   -3.023176477033850E+00   3.346409195372170E-01   3.347566335162040E-01
3.250000000000000E+01   -2.969987779314630E+00   3.347280113261380E-01   3.348439820168850E-01
3.500000000000000E+01   -2.910417439117210E+00   3.348195932326080E-01   3.349396564761290E-01
3.750000000000000E+01   -2.845955009830170E+00   3.349174356987970E-01   3.350443751518010E-01
4.000000000000000E+01   -2.777937436425370E+00   3.350235922914290E-01   3.351591719039380E-01
4.250000000000000E+01   -2.707432284401700E+00   3.351403180730980E-01   3.352853910542850E-01
4.500000000000000E+01   -2.635196017845520E+00   3.352701313288330E-01   3.354247907370450E-01
4.750000000000000E+01   -2.561700744719140E+00   3.354159215426090E-01   3.355796629444570E-01
5.000000000000000E+01   -2.487190862533850E+00   3.355812778067680E-01   3.357531563603340E-01
