0.000000000000000E+00   -5.200000000000000E+00   3.333313092488380E-01   3.333330035383960E-01
5.263157894736840E-02   -5.612572663200630E+00   6.941715816815510E+00   3.854029285308290E+00
1.052631578947360E-01   -6.058961429313710E+00   5.566338124785690E+00   6.430134323788410E+00
1.578947368421050E-01   -6.291925506772190E+00   5.460945232842240E+00   6.573725679238340E+00
2.105263157894730E-01   -6.373536195345800E+00   2.287178320790040E+00   8.053470831043240E+00
2.631578947368420E-01   -6.418789982325000E+00   2.221511795558120E+00   4.638658400372640E+00
3.157894736842100E-01   -6.551618056640530E+00   2.927730620401040E+00   2.444714639764220E+00
3.684210526315780E-01   -6.708764830070920E+00   3.234541537866360E+00   5.001426615263820E+00
4.210526315789470E-01   -6.809783275585640E+00   2.933980329755660E+00   4.363384387713870E+00
4.736842105263150E-01   -6.938934281220380E+00   4.516898072952900E+00   4.676233824115190E+00
5.263157894736840E-01   -6.982594559311870E+00   1.909472586916670E+00   7.771211713933080E+00
5.789473684210520E-01   -7.017653884561500E+00   2.517881079277010E+00   1.965686570264320E+00
6.315789473684210E-01   -7.083494414702090E+00   2.044341015987250E+00   4.639206556146890E+00
6.842105263157890E-01   -7.161312766765410E+00   3.130895992759710E+00   1.002387651948320E+00
7.368421052631570E-01   -7.235834652550320E+00   2.443147213010810E+00   4.845899585569870E+00
7.894736842105260E-01   -7.286803715757940E+00   2.874911042637900E+00   1.806721216601770E+00
8.421052631578940E-01   -7.436144296346950E+00   4.158355170131120E+00   2.058330382865610E+00
8.947368421052630E-01   -7.545168379819550E+00   3.690090951561410E+00   2.579810770886460E+00
9.473684210526310E-01   -7.596042049023660E+00   3.185304624990910E+00   2.857532880984510E+00
1.000000000000000E+00   -7.646015455302790E+00   5.291852420949660E+00   2.126430202633160E+00
1.111111111111110E+00   -7.709558723093350E+00   7.523240755045880E+00   3.037581608275730E+00
1.222222222222220E+00   -7.700995266781620E+00   1.484388393573040E-02   3.266082455730980E+00
1.333333333333330E+00   -7.690962257787020E+00   3.079337387962990E+00   2.145425742351310E+00
1.444444444444440E+00   -7.622751050981630E+00   2.236745524985610E+00   3.413753691560180E+00
1.555555555555550E+00   -7.509074189419670E+00   3.793252973037030E+00   1.818140444145310E+00
1.666666666666660E+00   -7.298743166647080E+00   2.849796722807780E+00   2.789201972185550E+00
1.777777777777770E+00   -7.142366070183630E+00   2.399718859142360E+00   2.142832520338370E+00
1.888888888888880E+00   -6.970089870022630E+00   2.291774851312870E+00   2.207828453934070E+00
2.000000000000000E+00   -6.791024194251350E+00   3.093260762268480E+00   2.991630968315460E+00
2.250000000000000E+00   -6.378100499767130E+00   1.137037041235530E+00   1.124599232067990E+00
2.500000000000000E+00   -6.023094982653860E+00   2.273803764221540E-01   2.249678433565300E-01
2.750000000000000E+00   -5.697900276952300E+00   3.892251513026530E-01   3.875025356523570E-01
3.000000000000000E+00   -5.368680605758250E+00   3.286468378726050E-01   3.273475619498390E-01
3.250000000000000E+00   -5.051037414225380E+00   3.389921459715400E-01   3.379942966864570E-01
3.500000000000000E+00   -4.746796900162050E+00   3.342076246256950E-01   3.333703735945930E-01
3.750000000000000E+00   -4.460522727944660E+00   3.347694647573910E-01   3.340767815593070E-01
4.000000000000000E+00   -4.194989526964870E+00   3.343925543041100E-01   3.338250006818280E-01
4.250000000000000E+00   -3.952322554909500E+00   3.344393946208460E-01   3.339971166295440E-01
4.500000000000000E+00   -3.733768210662460E+00   3.344147582761030E-01   3.340976921940160E-01
4.750000000000000E+00   -3.539836783299680E+00   3.343995951544790E-01   3.342091009704650E-01
5.000000000000000E+00   -3.370366632162450E+00   3.343591402817310E-01   3.342923066130870E-01
5.500000000000000E+00   -3.101189860265590E+00   3.342492476808090E-01   3.344090035910360E-01
6.000000000000000E+00   -2.915070443815310E+00   3.341404867457170E-01   3.344843806877240E-01
6.500000000000000E+00   -2.796694649757030E+00   3.340586336197640E-01   3.345361145650030E-01
7.000000000000000E+00   -2.729416579390490E+00   3.340017275815760E-01   3.345656044657820E-01
7.500000000000000E+00   -2.697721073711580E+00   3.339604335327360E-01   3.345724803593960E-01
8.000000000000000E+00   -2.688691208446720E+00   3.339275206253780E-01   3.345602712876830E-01
8.500000000000000E+00   -2.692512504841050E+00   3.338990910972060E-01   3.345349012292640E-01
9.000000000000000E+00   -2.702302511744630E+00   3.338741417568100E-01   3.345027636845490E-01
9.500000000000000E+00   -2.713600680349850E+00   3.338527608244000E-01   3.344690834816730E-01
1.000000000000000E+01   -2.723769105468230E+00   3.338358290793670E-01   3.344379303829790E-01
1.100000000000000E+01   -2.736373982355460E+00   3.338158559284520E-01   3.343901953819790E-01
1.200000000000000E+01   -2.737625044354390E+00   3.338130364070000E-01   3.343647485285170E-01
1.300000000000000E+01   -2.730072253670130E+00   3.338230291073770E-01   3.343579607230040E-01
1.400000000000000E+01   -2.717496682505440E+00   3.338410550535130E-01   3.343637423321380E-01
1.500000000000000E+01   -2.703190250278930E+00   3.338639593293230E-01   3.343772246159000E-01
1.600000000000000E+01   -2.689487703209120E+00   3.338899527186530E-01   3.343950900325820E-01
1.700000000000000E+01   -2.677782770235690E+00   3.339181756669370E-01   3.344153279716820E-01
1.800000000000000E+01   -2.668705235550790E+00   3.339482416827910E-01   3.344368128578330E-01
1.900000000000000E+01   -2.662334321224170E+00   3.339799720446770E-01   3.344589957307680E-01
2.000000000000000E+01   -2.658397965277860E+00   3.340132574433810E-01   3.344816856418210E-01
2.100000000000000E+01   -2.656435904639950E+00   3.340479962777380E-01   3.345048937210540E-01
2.200000000000000E+01   -2.655919000734400E+00   3.340840960401990E-01   3.345287499116220E-01
2.300000000000000E+01   -2.656326607625950E+00   3.341214193682960E-01   3.345533876846040E-01
2.400000000000000E+01   -2.657189334537440E+00   3.341599457286890E-01   3.345790404200910E-01
2.500000000000000E+01   -2.658106747777320E+00   3.341991907124590E-01   3.346055100140820E-01
2.750000000000000E+01   -2.658704223911280E+00   3.343014335892650E-01   3.346771891149880E-01
3.000000000000000E+01   -2.654281684877320E+00   3.344079060634200E-01   3.347566335162040E-01
3.250000000000000E+01   -2.642809532463320E+00   3.345177182317600E-01   3.348439820168850E-01
3.500000000000000E+01   -2.623225023313690E+00   3.346309475500520E-01   3.349396564761290E-01
3.750000000000000E+01   -2.595052072858280E+00   3.347482984003040E-01   3.350443751518010E-01
4.000000000000000E+01   -2.558173271767610E+00   3.348709375485850E-01   3.351591719039380E-01
4.250000000000000E+01   -2.512661817003730E+00   3.350003588052400E-01   3.352853910542850E-01
4.500000000000000E+01   -2.458652586346570E+00   3.351383819758780E-01   3.354247907370450E-01
4.750000000000000E+01   -2.396252969269000E+00   3.352871888852460E-01   3.355796629444570E-01
5.000000000000000E+01   -2.325487818802340E+00   3.354495281143810E-01   3.357531563603340E-01
