0.00000E+00   -2.569999999999990E+01   3.333350416281610E-01   3.333353486973070E-01
2.50000E-01   -2.381716689256100E+01   4.955578695008210E+00   3.823016117248650E+00
5.00000E-01   -2.174050531630480E+01   3.134880811346940E+00   4.259836143417010E+00
7.50000E-01   -1.971487262166850E+01   3.223383652177390E+00   1.780065085308440E+00
1.00000E+00   -1.690986324494730E+01   3.436236225375820E+00   3.089235998382570E+00
1.25000E+00   -1.539983979697270E+01   1.331905019647810E-02   6.940415689464970E-02
1.50000E+00   -1.445397371373880E+01   4.230113127667360E-01   4.070506814497180E-01
1.75000E+00   -1.351056576040400E+01   3.076340819393970E-01   3.120607679364740E-01
2.00000E+00   -1.269741165459420E+01   3.363108829474780E-01   3.357459603490500E-01
2.50000E+00   -1.136065932468410E+01   3.313287016562570E-01   3.316659949198590E-01
3.00000E+00   -1.039275210498850E+01   3.331557475597510E-01   3.332419791905570E-01
3.50000E+00   -9.744898763502940E+00   3.329697490152730E-01   3.331440345631520E-01
4.00000E+00   -9.365845346751000E+00   3.332190245813100E-01   3.333962918948710E-01
4.50000E+00   -9.202370037951830E+00   3.332919708169370E-01   3.334885110329020E-01
5.00000E+00   -9.203064886704190E+00   3.333726552245570E-01   3.335756493415860E-01
6.00000E+00   -9.519412629593300E+00   3.334650052196600E-01   3.336675193069890E-01
7.00000E+00   -1.002424906489520E+01   3.335091563897100E-01   3.337008794431350E-01
8.00000E+00   -1.053538615998690E+01   3.335204724539580E-01   3.336994809692890E-01
9.00000E+00   -1.096403973305590E+01   3.335136351827070E-01   3.336808211393700E-01
1.00000E+01   -1.128342954182930E+01   3.334997438024590E-01   3.336566910155440E-01
1.25000E+01   -1.167883531873210E+01   3.334678506183310E-01   3.336057524222970E-01
1.50000E+01   -1.175896427935670E+01   3.334594733447450E-01   3.335851228128320E-01
1.75000E+01   -1.175815220620320E+01   3.334681675119500E-01   3.335850752511470E-01
2.00000E+01   -1.176796186880950E+01   3.334815363764350E-01   3.335908614662080E-01
2.25000E+01   -1.179674679993810E+01   3.334936682221750E-01   3.335956800880690E-01
2.50000E+01   -1.182923472590780E+01   3.335036825496860E-01   3.335986911680920E-01
3.00000E+01   -1.186717661770140E+01   3.335200997053100E-01   3.336028793238940E-01
3.50000E+01   -1.185856689444450E+01   3.335340689857800E-01   3.336075997121320E-01
4.00000E+01   -1.180778958455190E+01   3.335456772052920E-01   3.336129542593610E-01
4.50000E+01   -1.171705165840370E+01   3.335547052597660E-01   3.336186586078390E-01
5.00000E+01   -1.158674387936940E+01   3.335611613972970E-01   3.336247821747760E-01
