0.000000000000000E+00   -1.960000000000000E+01   3.333327155125050E-01   3.333330035383960E-01
5.263157894736840E-02   -1.913926781418730E+01   2.076680812495640E+00   3.854029285308290E+00
1.052631578947360E-01   -1.271245635809050E+01   3.469423196564860E+01   6.430134323788410E+00
1.578947368421050E-01   -6.664026189288220E+00   4.723572552499630E+00   6.573725679238340E+00
2.105263157894730E-01   -6.496805727106500E+00   6.257580771505100E-01   8.053470831043240E+00
2.631578947368420E-01   -6.404653196871620E+00   1.497955117198220E+00   4.638658400372640E+00
3.157894736842100E-01   -5.651404131682420E+00   3.913290759053670E+00   2.444714639764220E+00
3.684210526315780E-01   -4.355028740341740E+00   3.103598446598610E+00   5.001426615263820E+00
4.210526315789470E-01   -2.958478423974690E+00   6.282047804415930E+00   4.363384387713870E+00
4.736842105263150E-01   -1.370172574323250E+00   3.306223841993880E+00   4.676233824115190E+00
5.263157894736840E-01   -7.831189056644820E-01   3.690373247913020E+00   7.771211713933080E+00
5.789473684210520E-01   -2.001641988097550E-01   1.611104815847100E+00   1.965686570264320E+00
6.315789473684210E-01   1.587969849338280E-01   9.255588492899960E-01   4.639206556146890E+00
6.842105263157890E-01   3.108116504980350E-01   1.471553987709270E+00   1.002387651948320E+00
7.368421052631570E-01   4.294220186785460E-01   2.041783660744340E+00   4.845899585569870E+00
7.894736842105260E-01   4.577622143980120E-01   2.869223371710170E-01   1.806721216601770E+00
8.421052631578940E-01   4.800649878580260E-01   1.451529807916100E+00   2.058330382865610E+00
8.947368421052630E-01   4.896947122892010E-01   3.047518261317820E-01   2.579810770886460E+00
9.473684210526310E-01   4.873116566456180E-01   2.928258794632550E-01   2.857532880984510E+00
1.000000000000000E+00   4.690534510734930E-01   1.105059196896750E+00   2.126430202633160E+00
1.111111111111110E+00   2.655094287696210E-01   1.866572523831730E+00   3.037581608275730E+00
1.222222222222220E+00   -8.260483469381440E-02   2.539974039759200E+00   3.266082455730980E+00
1.333333333333330E+00   -3.255791850387650E-01   3.150472419571300E+00   2.145425742351310E+00
1.444444444444440E+00   -5.137514584874940E-01   2.817685795871210E+00   3.413753691560180E+00
1.555555555555550E+00   -6.802507282733260E-01   2.957529650579180E+00   1.818140444145310E+00
1.666666666666660E+00   -8.579479351796650E-01   2.749124380182380E+00   2.789201972185550E+00
1.777777777777770E+00   -9.813419204122410E-01   2.246889225075210E+00   2.142832520338370E+00
1.888888888888880E+00   -1.097765770621600E+00   2.212147525767700E+00   2.207828453934070E+00
2.000000000000000E+00   -1.207338225610990E+00   2.988289450391320E+00   2.991630968315460E+00
2.250000000000000E+00   -1.425359773307620E+00   1.119859092771420E+00   1.124599232067990E+00
2.500000000000000E+00   -1.589908181083550E+00   2.247770225952500E-01   2.249678433565300E-01
2.750000000000000E+00   -1.729901086375950E+00   3.860314960755960E-01   3.875025356523570E-01
3.000000000000000E+00   -1.865097614551120E+00   3.263048264443520E-01   3.273475619498390E-01
3.250000000000000E+00   -1.991690096097590E+00   3.369232307349110E-01   3.379942966864570E-01
3.500000000000000E+00   -2.111260053522610E+00   3.324058148661330E-01   3.333703735945930E-01
3.750000000000000E+00   -2.223742434915370E+00   3.331854990132270E-01   3.340767815593070E-01
4.000000000000000E+00   -2.329389716434700E+00   3.330129763653650E-01   3.338250006818280E-01
4.250000000000000E+00   -2.428345947403150E+00   3.332547162513370E-01   3.339971166295440E-01
4.500000000000000E+00   -2.520777684823440E+00   3.334172738157210E-01   3.340976921940160E-01
4.750000000000000E+00   -2.606850924657800E+00   3.335811850379900E-01   3.342091009704650E-01
5.000000000000000E+00   -2.686741484371840E+00   3.337090891350370E-01   3.342923066130870E-01
5.500000000000000E+00   -2.828733880878530E+00   3.338957856851660E-01   3.344090035910360E-01
6.000000000000000E+00   -2.948363404289510E+00   3.340241038619950E-01   3.344843806877240E-01
6.500000000000000E+00   -3.047372292680910E+00   3.341189413634000E-01   3.345361145650030E-01
7.000000000000000E+00   -3.127619308703870E+00   3.341851906586060E-01   3.345656044657820E-01
7.500000000000000E+00   -3.191044283807190E+00   3.342240027432020E-01   3.345724803593960E-01
8.000000000000000E+00   -3.239628339412750E+00   3.342393608730940E-01   3.345602712876830E-01
8.500000000000000E+00   -3.275352012902780E+00   3.342374181727530E-01   3.345349012292640E-01
9.000000000000000E+00   -3.300153799368370E+00   3.342249005480730E-01   3.345027636845490E-01
9.500000000000000E+00   -3.315891428272130E+00   3.342074262944790E-01   3.344690834816730E-01
1.000000000000000E+01   -3.324307774574410E+00   3.341895841667200E-01   3.344379303829790E-01
1.100000000000000E+01   -3.325325535366240E+00   3.341617833878150E-01   3.343901953819790E-01
1.200000000000000E+01   -3.313886130296040E+00   3.341504311033730E-01   3.343647485285170E-01
1.300000000000000E+01   -3.297887588486460E+00   3.341549351544300E-01   3.343579607230040E-01
1.400000000000000E+01   -3.282444285944250E+00   3.341713439485500E-01   3.343637423321380E-01
1.500000000000000E+01   -3.270268277124230E+00   3.341960284867540E-01   3.343772246159000E-01
1.600000000000000E+01   -3.262236195297350E+00   3.342261621780690E-01   3.343950900325820E-01
1.700000000000000E+01   -3.258005574705540E+00   3.342596892738240E-01   3.344153279716820E-01
1.800000000000000E+01   -3.256571348440550E+00   3.342951263936040E-01   3.344368128578330E-01
1.900000000000000E+01   -3.256697353608200E+00   3.343314426430570E-01   3.344589957307680E-01
2.000000000000000E+01   -3.257202553972910E+00   3.343679738310820E-01   3.344816856418210E-01
2.100000000000000E+01   -3.257115436428360E+00   3.344043407247310E-01   3.345048937210540E-01
2.200000000000000E+01   -3.255728187197880E+00   3.344403951356060E-01   3.345287499116220E-01
2.300000000000000E+01   -3.252586577174590E+00   3.344760976676610E-01   3.345533876846040E-01
2.400000000000000E+01   -3.247446798311040E+00   3.345116137991460E-01   3.345790404200910E-01
2.500000000000000E+01   -3.240221820085410E+00   3.345466936311070E-01   3.346055100140820E-01
2.750000000000000E+01   -3.213368703232340E+00   3.346349375327810E-01   3.346771891149880E-01
3.000000000000000E+01   -3.175449090340600E+00   3.347247811399860E-01   3.347566335162040E-01
3.250000000000000E+01   -3.128651260399420E+00   3.348177140667980E-01   3.348439820168850E-01
3.500000000000000E+01   -3.074979485636690E+00   3.349154553453670E-01   3.349396564761290E-01
3.750000000000000E+01   -3.016026151386790E+00   3.350198302943300E-01   3.350443751518010E-01
4.000000000000000E+01   -2.952965121279280E+00   3.351327915616770E-01   3.351591719039380E-01
4.250000000000000E+01   -2.886608338156260E+00   3.352564281154650E-01   3.352853910542850E-01
4.500000000000000E+01   -2.817483177536940E+00   3.353930923165390E-01   3.354247907370450E-01
4.750000000000000E+01   -2.745906056247660E+00   3.355455394937570E-01   3.355796629444570E-01
5.000000000000000E+01   -2.672035655285920E+00   3.357172563878960E-01   3.357531563603340E-01
