0.000000000000000E+00   -1.519999999999990E+01   3.333333766257510E-01   3.333330035383960E-01
5.263157894736840E-02   -1.353682087210350E+01   7.850613451489510E+00   3.854029285308290E+00
1.052631578947360E-01   -5.747363695417890E+00   2.241488609037510E+01   6.430134323788410E+00
1.578947368421050E-01   -1.246595263514280E+00   7.509315043776990E+00   6.573725679238340E+00
2.105263157894730E-01   -6.392038458597880E-01   3.244140397755520E+00   8.053470831043240E+00
2.631578947368420E-01   -3.772204236579700E-01   2.005029508093440E+00   4.638658400372640E+00
3.157894736842100E-01   -1.519890528811710E-02   1.592166949951770E+00   2.444714639764220E+00
3.684210526315780E-01   1.724826388205520E-01   1.694034841146930E+00   5.001426615263820E+00
4.210526315789470E-01   2.787884184079270E-01   1.757065681983790E+00   4.363384387713870E+00
4.736842105263150E-01   3.837599070223310E-01   1.866865997888140E+00   4.676233824115190E+00
5.263157894736840E-01   4.311627528575490E-01   1.949459386410990E+00   7.771211713933080E+00
5.789473684210520E-01   4.663963368762000E-01   1.653027288585380E+00   1.965686570264320E+00
6.315789473684210E-01   5.144363239237000E-01   2.010752937608160E+00   4.639206556146890E+00
6.842105263157890E-01   5.512723440024920E-01   1.543566466321420E+00   1.002387651948320E+00
7.368421052631570E-01   5.531665170144110E-01   1.670258963988280E+00   4.845899585569870E+00
7.894736842105260E-01   5.186780666870200E-01   2.036948479224340E+00   1.806721216601770E+00
8.421052631578940E-01   3.595813967795560E-01   1.872843850595190E+00   2.058330382865610E+00
8.947368421052630E-01   2.526939568420950E-01   1.419188469507720E+00   2.579810770886460E+00
9.473684210526310E-01   1.359311233567580E-01   1.789998210354580E+00   2.857532880984510E+00
1.000000000000000E+00   -7.502282059692480E-02   2.952463816202710E+00   2.126430202633160E+00
1.111111111111110E+00   -2.711489344482050E-01   2.584882449901580E+00   3.037581608275730E+00
1.222222222222220E+00   -3.459625695408950E-01   1.861874620851300E+00   3.266082455730980E+00
1.333333333333330E+00   -4.364428872500050E-01   3.151374598531060E+00   2.145425742351310E+00
1.444444444444440E+00   -5.441131902593030E-01   2.774225843537760E+00   3.413753691560180E+00
1.555555555555550E+00   -6.210696090055870E-01   1.952160057860160E+00   1.818140444145310E+00
1.666666666666660E+00   -7.359192256512500E-01   3.850355829554440E+00   2.789201972185550E+00
1.777777777777770E+00   -8.462321808793840E-01   2.390277317577950E+00   2.142832520338370E+00
1.888888888888880E+00   -9.274684532959580E-01   2.378186002055470E+00   2.207828453934070E+00
2.000000000000000E+00   -1.001666264259710E+00   3.102882136867490E+00   2.991630968315460E+00
2.250000000000000E+00   -1.140661676077500E+00   1.141791140515600E+00   1.124599232067990E+00
2.500000000000000E+00   -1.239679145794390E+00   2.285775039899870E-01   2.249678433565300E-01
2.750000000000000E+00   -1.321649865750890E+00   3.879190570635260E-01   3.875025356523570E-01
3.000000000000000E+00   -1.399647755097330E+00   3.276499917058160E-01   3.273475619498390E-01
3.250000000000000E+00   -1.471672747317200E+00   3.374927118974680E-01   3.379942966864570E-01
3.500000000000000E+00   -1.538783331981220E+00   3.326956398527640E-01   3.333703735945930E-01
3.750000000000000E+00   -1.601087552784750E+00   3.332361544260990E-01   3.340767815593070E-01
4.000000000000000E+00   -1.658844595959300E+00   3.329174461240040E-01   3.338250006818280E-01
4.250000000000000E+00   -1.712249054872800E+00   3.330465990180750E-01   3.339971166295440E-01
4.500000000000000E+00   -1.761503096055260E+00   3.331195141644680E-01   3.340976921940160E-01
4.750000000000000E+00   -1.806806834746240E+00   3.332093754649440E-01   3.342091009704650E-01
5.000000000000000E+00   -1.848363915510760E+00   3.332713794441460E-01   3.342923066130870E-01
5.500000000000000E+00   -1.921072354505500E+00   3.333561904097410E-01   3.344090035910360E-01
6.000000000000000E+00   -1.981314133973910E+00   3.334084122240520E-01   3.344843806877240E-01
6.500000000000000E+00   -2.030783117990940E+00   3.334461578707330E-01   3.345361145650030E-01
7.000000000000000E+00   -2.071153743707440E+00   3.334715875568070E-01   3.345656044657820E-01
7.500000000000000E+00   -2.104046195939430E+00   3.334828582023180E-01   3.345724803593960E-01
8.000000000000000E+00   -2.130993343284840E+00   3.334814946176940E-01   3.345602712876830E-01
8.500000000000000E+00   -2.153411195041500E+00   3.334714283385790E-01   3.345349012292640E-01
9.000000000000000E+00   -2.172574327919970E+00   3.334575690802710E-01   3.345027636845490E-01
9.500000000000000E+00   -2.189597489521760E+00   3.334441536326320E-01   3.344690834816730E-01
1.000000000000000E+01   -2.205424162865230E+00   3.334347640226280E-01   3.344379303829790E-01
1.100000000000000E+01   -2.236309442235200E+00   3.334340031646100E-01   3.343901953819790E-01
1.200000000000000E+01   -2.269312077691640E+00   3.334592655167840E-01   3.343647485285170E-01
1.300000000000000E+01   -2.306276550639150E+00   3.335059449611880E-01   3.343579607230040E-01
1.400000000000000E+01   -2.347305781295000E+00   3.335666630149170E-01   3.343637423321380E-01
1.500000000000000E+01   -2.391410357322840E+00   3.336351052757130E-01   3.343772246159000E-01
1.600000000000000E+01   -2.437087659272810E+00   3.337065890796500E-01   3.343950900325820E-01
1.700000000000000E+01   -2.482750894816180E+00   3.337780318181430E-01   3.344153279716820E-01
1.800000000000000E+01   -2.526991103842470E+00   3.338475872648040E-01   3.344368128578330E-01
1.900000000000000E+01   -2.568697788695030E+00   3.339143116991390E-01   3.344589957307680E-01
2.000000000000000E+01   -2.607081475345690E+00   3.339778674733540E-01   3.344816856418210E-01
2.100000000000000E+01   -2.641640746654620E+00   3.340382866755940E-01   3.345048937210540E-01
2.200000000000000E+01   -2.672106279644280E+00   3.340958217101780E-01   3.345287499116220E-01
2.300000000000000E+01   -2.698382348542140E+00   3.341507796708310E-01   3.345533876846040E-01
2.400000000000000E+01   -2.720496070944060E+00   3.342036028230670E-01   3.345790404200910E-01
2.500000000000000E+01   -2.738557726789790E+00   3.342542739380840E-01   3.346055100140820E-01
2.750000000000000E+01   -2.767168834070560E+00   3.343749987081930E-01   3.346771891149880E-01
3.000000000000000E+01   -2.774837384904340E+00   3.344896026064560E-01   3.347566335162040E-01
3.250000000000000E+01   -2.765058682215030E+00   3.346010913879890E-01   3.348439820168850E-01
3.500000000000000E+01   -2.741067607372090E+00   3.347123418504050E-01   3.349396564761290E-01
3.750000000000000E+01   -2.705566099556940E+00   3.348260575967560E-01   3.350443751518010E-01
4.000000000000000E+01   -2.660640770230970E+00   3.349447863548020E-01   3.351591719039380E-01
4.250000000000000E+01   -2.607796934361620E+00   3.350709619865790E-01   3.352853910542850E-01
4.500000000000000E+01   -2.548048197486380E+00   3.352070616176550E-01   3.354247907370450E-01
4.750000000000000E+01   -2.482014262029200E+00   3.353557679500790E-01   3.355796629444570E-01
5.000000000000000E+01   -2.409998283855450E+00   3.355202822729920E-01   3.357531563603340E-01
