0.000000000000000E+00   -2.500000000000000E+01   3.333330083361420E-01   3.333330035383960E-01
5.263157894736840E-02   -2.316189642443760E+01   6.611886220560460E+00   3.854029285308290E+00
1.052631578947360E-01   -2.125615500041350E+01   5.076784129709950E+00   6.430134323788410E+00
1.578947368421050E-01   -2.007075488045690E+01   5.847877448582160E+00   6.573725679238340E+00
2.105263157894730E-01   -1.952259141018420E+01   2.758289195629280E+00   8.053470831043240E+00
2.631578947368420E-01   -1.923058307319850E+01   1.873873187499620E+00   4.638658400372640E+00
3.157894736842100E-01   -1.851298613441020E+01   2.940369852441760E+00   2.444714639764220E+00
3.684210526315780E-01   -1.740509669599210E+01   3.365178952573680E+00   5.001426615263820E+00
4.210526315789470E-01   -1.663247085777310E+01   3.001480995565180E+00   4.363384387713870E+00
4.736842105263150E-01   -1.534752023317990E+01   5.692960306488900E+00   4.676233824115190E+00
5.263157894736840E-01   -1.503239038555060E+01   1.211261259367300E+00   7.771211713933080E+00
5.789473684210520E-01   -1.479988493338910E+01   2.518512175701430E+00   1.965686570264320E+00
6.315789473684210E-01   -1.420303411164470E+01   1.700059806486800E+00   4.639206556146890E+00
6.842105263157890E-01   -1.318986855799620E+01   4.576889666122660E+00   1.002387651948320E+00
7.368421052631570E-01   -1.184469767561420E+01   2.500286207205300E+00   4.845899585569870E+00
7.894736842105260E-01   -1.054001784812680E+01   5.333562490305970E+00   1.806721216601770E+00
8.421052631578940E-01   -7.073265228213670E+00   2.682803066345050E+00   2.058330382865610E+00
8.947368421052630E-01   -3.606439356907090E+00   6.742402583363800E+00   2.579810770886460E+00
9.473684210526310E-01   -1.688404956097860E+00   1.888396513103760E+00   2.857532880984510E+00
1.000000000000000E+00   -7.263240298072880E-01   3.083142148827930E+00   2.126430202633160E+00
1.111111111111110E+00   -7.411493951246490E-02   3.781709386367850E+00   3.037581608275730E+00
1.222222222222220E+00   -4.172236858242400E-01   2.994259104370110E+00   3.266082455730980E+00
1.333333333333330E+00   -5.540613875605320E-01   3.167001063316060E+00   2.145425742351310E+00
1.444444444444440E+00   -6.776657828932400E-01   2.871742156817640E+00   3.413753691560180E+00
1.555555555555550E+00   -8.032832141048410E-01   2.980475490393860E+00   1.818140444145310E+00
1.666666666666660E+00   -9.444825072038550E-01   2.759256683279460E+00   2.789201972185550E+00
1.777777777777770E+00   -1.045128309422100E+00   2.252202694484750E+00   2.142832520338370E+00
1.888888888888880E+00   -1.141256560715910E+00   2.214364278436630E+00   2.207828453934070E+00
2.000000000000000E+00   -1.232350791772240E+00   2.989186160358280E+00   2.991630968315460E+00
2.250000000000000E+00   -1.415174160595950E+00   1.119984982331910E+00   1.124599232067990E+00
2.500000000000000E+00   -1.554203721644200E+00   2.248152092285270E-01   2.249678433565300E-01
2.750000000000000E+00   -1.672968715945430E+00   3.859451858182910E-01   3.875025356523570E-01
3.000000000000000E+00   -1.788070423265410E+00   3.262053911965470E-01   3.273475619498390E-01
3.250000000000000E+00   -1.896173997439600E+00   3.367893107701520E-01   3.379942966864570E-01
3.500000000000000E+00   -1.998549902930980E+00   3.322587097895420E-01   3.333703735945930E-01
3.750000000000000E+00   -2.095083952003820E+00   3.330283753891380E-01   3.340767815593070E-01
4.000000000000000E+00   -2.185947339325060E+00   3.328513135191430E-01   3.338250006818280E-01
4.250000000000000E+00   -2.271228576956240E+00   3.330912286122770E-01   3.339971166295440E-01
4.500000000000000E+00   -2.351044293004320E+00   3.332541139328960E-01   3.340976921940160E-01
4.750000000000000E+00   -2.425518107598260E+00   3.334195749177300E-01   3.342091009704650E-01
5.000000000000000E+00   -2.494788226095010E+00   3.335497196793030E-01   3.342923066130870E-01
5.500000000000000E+00   -2.618343222915290E+00   3.337417430580440E-01   3.344090035910360E-01
6.000000000000000E+00   -2.723069241523070E+00   3.338750069552660E-01   3.344843806877240E-01
6.500000000000000E+00   -2.810474003942340E+00   3.339736487258420E-01   3.345361145650030E-01
7.000000000000000E+00   -2.882179565716500E+00   3.340426787357600E-01   3.345656044657820E-01
7.500000000000000E+00   -2.939877097270110E+00   3.340836637200790E-01   3.345724803593960E-01
8.000000000000000E+00   -2.985283061886800E+00   3.341010134263940E-01   3.345602712876830E-01
8.500000000000000E+00   -3.020097942549080E+00   3.341011046398530E-01   3.345349012292640E-01
9.000000000000000E+00   -3.045968774186200E+00   3.340908175871660E-01   3.345027636845490E-01
9.500000000000000E+00   -3.064456541637050E+00   3.340758241123260E-01   3.344690834816730E-01
1.000000000000000E+01   -3.077009223239500E+00   3.340607216592370E-01   3.344379303829790E-01
1.100000000000000E+01   -3.089341914844210E+00   3.340390693586550E-01   3.343901953819790E-01
1.200000000000000E+01   -3.091593292683980E+00   3.340344786057350E-01   3.343647485285170E-01
1.300000000000000E+01   -3.089995755320170E+00   3.340459677307600E-01   3.343579607230040E-01
1.400000000000000E+01   -3.088466598813160E+00   3.340692102407980E-01   3.343637423321380E-01
1.500000000000000E+01   -3.088986691461120E+00   3.341002843394520E-01   3.343772246159000E-01
1.600000000000000E+01   -3.092103450441670E+00   3.341361840305200E-01   3.343950900325820E-01
1.700000000000000E+01   -3.097448444628750E+00   3.341747895312000E-01   3.344153279716820E-01
1.800000000000000E+01   -3.104186620823670E+00   3.342146462094140E-01   3.344368128578330E-01
1.900000000000000E+01   -3.111351928584360E+00   3.342548115022310E-01   3.344589957307680E-01
2.000000000000000E+01   -3.118060094565240E+00   3.342947367734790E-01   3.344816856418210E-01
2.100000000000000E+01   -3.123614792648920E+00   3.343341607908130E-01   3.345048937210540E-01
2.200000000000000E+01   -3.127535936341830E+00   3.343730406298360E-01   3.345287499116220E-01
2.300000000000000E+01   -3.129540436350290E+00   3.344114213368090E-01   3.345533876846040E-01
2.400000000000000E+01   -3.129500692047110E+00   3.344495330893820E-01   3.345790404200910E-01
2.500000000000000E+01   -3.127398365409530E+00   3.344871621104430E-01   3.346055100140820E-01
2.750000000000000E+01   -3.113558765245290E+00   3.345817247260430E-01   3.346771891149880E-01
3.000000000000000E+01   -3.088735143019130E+00   3.346778140172560E-01   3.347566335162040E-01
3.250000000000000E+01   -3.054555961551610E+00   3.347767532517340E-01   3.348439820168850E-01
3.500000000000000E+01   -3.012419910449570E+00   3.348800184360790E-01   3.349396564761290E-01
3.750000000000000E+01   -2.963462926183380E+00   3.349892161835450E-01   3.350443751518010E-01
4.000000000000000E+01   -2.908602139776040E+00   3.351061425561340E-01   3.351591719039380E-01
4.250000000000000E+01   -2.848562285111440E+00   3.352327886456940E-01   3.352853910542850E-01
4.500000000000000E+01   -2.783888642487590E+00   3.353714417686120E-01   3.354247907370450E-01
4.750000000000000E+01   -2.714954468427510E+00   3.355247932755700E-01   3.355796629444570E-01
5.000000000000000E+01   -2.641963271496900E+00   3.356962295744560E-01   3.357531563603340E-01
