0.00000000000000E+00   -2.08895267099016E+01   3.33333003538396E-01
5.26315789473684E-02   -2.04496984408252E+01   3.85402928530830E+00
1.05263157894736E-01   -1.60514751259251E+01   6.43013432378841E+00
1.57894736842105E-01   -9.27912473135192E+00   6.57372567923835E+00
2.10526315789473E-01   -1.40898184860063E+00   8.05347083104325E+00
2.63157894736842E-01   9.48815190888957E-01   4.63865840037264E+00
3.15789473684210E-01   -3.03139526670198E-01   2.44471463976422E+00
3.68421052631578E-01   -4.78808924152668E-01   5.00142661526383E+00
4.21052631578947E-01   -8.80946420106109E-01   4.36338438771388E+00
4.73684210526315E-01   -1.26893496725388E+00   4.67623382411520E+00
5.26315789473684E-01   -1.88172051598740E+00   7.77121171393309E+00
5.78947368421052E-01   -2.16708866481138E+00   1.96568657026432E+00
6.31578947368421E-01   -2.33917952780677E+00   4.63920655614690E+00
6.84210526315789E-01   -2.44423502298545E+00   1.00238765194833E+00
7.36842105263157E-01   -2.54912447508822E+00   4.84589958556988E+00
7.89473684210526E-01   -2.69687262734256E+00   1.80672121660177E+00
8.42105263157894E-01   -2.76706340172795E+00   2.05833038286562E+00
8.94736842105263E-01   -2.85497236442266E+00   2.57981077088647E+00
9.47368421052631E-01   -2.96316180016765E+00   2.85753288098451E+00
1.00000000000000E+00   -3.05181519185640E+00   2.12643020263316E+00
1.11111111111111E+00   -3.23351193057847E+00   3.03758160827574E+00
1.22222222222222E+00   -3.46055581394694E+00   3.26608245573098E+00
1.33333333333333E+00   -3.61310098720221E+00   2.14542574235132E+00
1.44444444444444E+00   -3.75236680560480E+00   3.41375369156018E+00
1.55555555555555E+00   -3.85981739770580E+00   1.81814044414532E+00
1.66666666666666E+00   -3.93906986960486E+00   2.78920197218555E+00
1.77777777777777E+00   -4.01612781349246E+00   2.14283252033838E+00
1.88888888888888E+00   -4.07113071612392E+00   2.20782845393407E+00
2.00000000000000E+00   -4.13193658098791E+00   2.99163096831546E+00
2.25000000000000E+00   -4.19764951731569E+00   1.12459923206799E+00
2.50000000000000E+00   -4.20913766178745E+00   2.24967843356530E-01
2.75000000000000E+00   -4.21375953156646E+00   3.87502535652358E-01
3.00000000000000E+00   -4.21653827278653E+00   3.27347561949840E-01
3.25000000000000E+00   -4.21712013839874E+00   3.37994296686458E-01
3.50000000000000E+00   -4.21577177908936E+00   3.33370373594594E-01
3.75000000000000E+00   -4.21264864235550E+00   3.34076781559308E-01
4.00000000000000E+00   -4.20788721929794E+00   3.33825000681828E-01
4.25000000000000E+00   -4.20162941101975E+00   3.33997116629544E-01
4.50000000000000E+00   -4.19400923505353E+00   3.34097692194016E-01
4.75000000000000E+00   -4.18515864921567E+00   3.34209100970465E-01
5.00000000000000E+00   -4.17520479554275E+00   3.34292306613087E-01
5.50000000000000E+00   -4.15246882725689E+00   3.34409003591037E-01
6.00000000000000E+00   -4.12671030766622E+00   3.34484380687724E-01
6.50000000000000E+00   -4.09874610771596E+00   3.34536114565004E-01
7.00000000000000E+00   -4.06929344846508E+00   3.34565604465783E-01
7.50000000000000E+00   -4.03896892445372E+00   3.34572480359396E-01
8.00000000000000E+00   -4.00829020603488E+00   3.34560271287683E-01
8.50000000000000E+00   -3.97768026438075E+00   3.34534901229265E-01
9.00000000000000E+00   -3.94747383257981E+00   3.34502763684549E-01
9.50000000000000E+00   -3.91792556982624E+00   3.34469083481674E-01
1.00000000000000E+01   -3.88921931635511E+00   3.34437930382980E-01
1.10000000000000E+01   -3.83475170811376E+00   3.34390195381979E-01
1.20000000000000E+01   -3.78448204556531E+00   3.34364748528517E-01
1.30000000000000E+01   -3.73831463388701E+00   3.34357960723004E-01
1.40000000000000E+01   -3.69585532216048E+00   3.34363742332138E-01
1.50000000000000E+01   -3.65658864444747E+00   3.34377224615900E-01
1.60000000000000E+01   -3.61999306188621E+00   3.34395090032582E-01
1.70000000000000E+01   -3.58560380498226E+00   3.34415327971682E-01
1.80000000000000E+01   -3.55303716667138E+00   3.34436812857833E-01
1.90000000000000E+01   -3.52199040668747E+00   3.34458995730769E-01
2.00000000000000E+01   -3.49222912640653E+00   3.34481685641821E-01
2.10000000000000E+01   -3.46357056631518E+00   3.34504893721054E-01
2.20000000000000E+01   -3.43586788719511E+00   3.34528749911622E-01
2.30000000000000E+01   -3.40899777124464E+00   3.34553387684604E-01
2.40000000000000E+01   -3.38285183543301E+00   3.34579040420091E-01
2.50000000000000E+01   -3.35733134947186E+00   3.34605510014082E-01
2.75000000000000E+01   -3.29568293604413E+00   3.34677189114988E-01
3.00000000000000E+01   -3.23609662742682E+00   3.34756633516205E-01
3.25000000000000E+01   -3.17744343195738E+00   3.34843982016886E-01
3.50000000000000E+01   -3.11874003875901E+00   3.34939656476129E-01
3.75000000000000E+01   -3.05912216421629E+00   3.35044375151801E-01
4.00000000000000E+01   -2.99782784486506E+00   3.35159171903938E-01
4.25000000000000E+01   -2.93419643074248E+00   3.35285391054285E-01
4.50000000000000E+01   -2.86767885822126E+00   3.35424790737045E-01
4.75000000000000E+01   -2.79785195029015E+00   3.35579662944457E-01
5.00000000000000E+01   -2.72443202347251E+00   3.35753156360335E-01
