0.000000000000000E+00   -1.880000000000000E+01   3.333330182671990E-01   3.333330035383960E-01
5.263157894736840E-02   -1.761339217138530E+01   6.662182582492550E+00   3.854029285308290E+00
1.052631578947360E-01   -1.618477889373920E+01   5.894684533608720E+00   6.430134323788410E+00
1.578947368421050E-01   -1.532708480959420E+01   5.803779394072440E+00   6.573725679238340E+00
2.105263157894730E-01   -1.501214666722570E+01   2.439174797446860E+00   8.053470831043240E+00
2.631578947368420E-01   -1.483038529368920E+01   2.233935794001820E+00   4.638658400372640E+00
3.157894736842100E-01   -1.430145235255870E+01   2.968913075818610E+00   2.444714639764220E+00
3.684210526315780E-01   -1.360907262955140E+01   3.361512035350870E+00   5.001426615263820E+00
4.210526315789470E-01   -1.314000310790340E+01   2.943103384780150E+00   4.363384387713870E+00
4.736842105263150E-01   -1.247005405836840E+01   4.895260959637780E+00   4.676233824115190E+00
5.263157894736840E-01   -1.223179481779050E+01   1.884722553060620E+00   7.771211713933080E+00
5.789473684210520E-01   -1.202979553577980E+01   2.656573709145780E+00   1.965686570264320E+00
6.315789473684210E-01   -1.163423275720400E+01   1.903853139926600E+00   4.639206556146890E+00
6.842105263157890E-01   -1.111943145498940E+01   3.283999088730650E+00   1.002387651948320E+00
7.368421052631570E-01   -1.051894825200330E+01   2.467923880378660E+00   4.845899585569870E+00
7.894736842105260E-01   -1.005148943794370E+01   2.948755401617020E+00   1.806721216601770E+00
8.421052631578940E-01   -8.541583724105140E+00   3.842632604791900E+00   2.058330382865610E+00
8.947368421052630E-01   -6.801647343593710E+00   4.930175424389710E+00   2.579810770886460E+00
9.473684210526310E-01   -5.743701331483410E+00   3.043086276553870E+00   2.857532880984510E+00
1.000000000000000E+00   -4.675858252509440E+00   4.748360143057090E+00   2.126430202633160E+00
1.111111111111110E+00   -8.825783697746560E-01   6.347735161755960E+00   3.037581608275730E+00
1.222222222222220E+00   -5.720199657727340E-01   2.395012570362950E-01   3.266082455730980E+00
1.333333333333330E+00   -4.883060294249770E-01   2.900055898853100E+00   2.145425742351310E+00
1.444444444444440E+00   -4.961033211177170E-01   2.149532252925860E+00   3.413753691560180E+00
1.555555555555550E+00   -5.839196646133330E-01   3.630917860965370E+00   1.818140444145310E+00
1.666666666666660E+00   -6.951519600755530E-01   2.760768407637440E+00   2.789201972185550E+00
1.777777777777770E+00   -7.602862417158610E-01   2.335922605859050E+00   2.142832520338370E+00
1.888888888888880E+00   -8.224335335191050E-01   2.236569526687700E+00   2.207828453934070E+00
2.000000000000000E+00   -8.798986704226960E-01   3.016687268308990E+00   2.991630968315460E+00
2.250000000000000E+00   -9.932221254373700E-01   1.122504007412540E+00   1.124599232067990E+00
2.500000000000000E+00   -1.077297414594000E+00   2.251754568900440E-01   2.249678433565300E-01
2.750000000000000E+00   -1.148729104590070E+00   3.855029721048790E-01   3.875025356523570E-01
3.000000000000000E+00   -1.218179887344240E+00   3.258055903637190E-01   3.273475619498390E-01
3.250000000000000E+00   -1.283804338955250E+00   3.362647683114750E-01   3.379942966864570E-01
3.500000000000000E+00   -1.346541499964200E+00   3.317287206972730E-01   3.333703735945930E-01
3.750000000000000E+00   -1.406450838360890E+00   3.324804840606070E-01   3.340767815593070E-01
4.000000000000000E+00   -1.463744553043030E+00   3.322955563686870E-01   3.338250006818280E-01
4.250000000000000E+00   -1.518562997284950E+00   3.325241917584910E-01   3.339971166295440E-01
4.500000000000000E+00   -1.571044984342890E+00   3.326741929706660E-01   3.340976921940160E-01
4.750000000000000E+00   -1.621315490371700E+00   3.328246212304500E-01   3.342091009704650E-01
5.000000000000000E+00   -1.669491507710100E+00   3.329388885714810E-01   3.342923066130870E-01
5.500000000000000E+00   -1.759987996250200E+00   3.331023644573570E-01   3.344090035910360E-01
6.000000000000000E+00   -1.843323362544450E+00   3.332147336149700E-01   3.344843806877240E-01
6.500000000000000E+00   -1.920185000495950E+00   3.333030123198100E-01   3.345361145650030E-01
7.000000000000000E+00   -1.991169565850010E+00   3.333725913811100E-01   3.345656044657820E-01
7.500000000000000E+00   -2.056793619401480E+00   3.334239159896570E-01   3.345724803593960E-01
8.000000000000000E+00   -2.117504146266630E+00   3.334594253220760E-01   3.345602712876830E-01
8.500000000000000E+00   -2.173688512953710E+00   3.334832490649480E-01   3.345349012292640E-01
9.000000000000000E+00   -2.225683732456340E+00   3.335002923837760E-01   3.345027636845490E-01
9.500000000000000E+00   -2.273784960287800E+00   3.335145863825770E-01   3.344690834816730E-01
1.000000000000000E+01   -2.318253181636020E+00   3.335296684203170E-01   3.344379303829790E-01
1.100000000000000E+01   -2.397197571931360E+00   3.335672175471300E-01   3.343901953819790E-01
1.200000000000000E+01   -2.464153062880630E+00   3.336167701094370E-01   3.343647485285170E-01
1.300000000000000E+01   -2.520555214129350E+00   3.336749124434680E-01   3.343579607230040E-01
1.400000000000000E+01   -2.567716834926480E+00   3.337362892896500E-01   3.343637423321380E-01
1.500000000000000E+01   -2.606869118938630E+00   3.337971167602640E-01   3.343772246159000E-01
1.600000000000000E+01   -2.639168609545070E+00   3.338552776541860E-01   3.343950900325820E-01
1.700000000000000E+01   -2.665684284515290E+00   3.339099690597730E-01   3.344153279716820E-01
1.800000000000000E+01   -2.687377522644100E+00   3.339611859324390E-01   3.344368128578330E-01
1.900000000000000E+01   -2.705084274870580E+00   3.340093547649760E-01   3.344589957307680E-01
2.000000000000000E+01   -2.719504787574320E+00   3.340550854836890E-01   3.344816856418210E-01
2.100000000000000E+01   -2.731202704784590E+00   3.340990135709230E-01   3.345048937210540E-01
2.200000000000000E+01   -2.740612836400410E+00   3.341417334945430E-01   3.345287499116220E-01
2.300000000000000E+01   -2.748055435634830E+00   3.341837039988390E-01   3.345533876846040E-01
2.400000000000000E+01   -2.753754325620210E+00   3.342253946220320E-01   3.345790404200910E-01
2.500000000000000E+01   -2.757856367750340E+00   3.342667067307300E-01   3.346055100140820E-01
2.750000000000000E+01   -2.761572605017460E+00   3.343709934657090E-01   3.346771891149880E-01
3.000000000000000E+01   -2.756211835563050E+00   3.344770450933480E-01   3.347566335162040E-01
3.250000000000000E+01   -2.741753311667010E+00   3.345853524635490E-01   3.348439820168850E-01
3.500000000000000E+01   -2.718174032526410E+00   3.346966821095240E-01   3.349396564761290E-01
3.750000000000000E+01   -2.685647752891820E+00   3.348121529618590E-01   3.350443751518010E-01
4.000000000000000E+01   -2.644532502516940E+00   3.349332359045910E-01   3.351591719039380E-01
4.250000000000000E+01   -2.595280738638290E+00   3.350616880354240E-01   3.352853910542850E-01
4.500000000000000E+01   -2.538338825218560E+00   3.351995864575220E-01   3.354247907370450E-01
4.750000000000000E+01   -2.474060651549900E+00   3.353493776549050E-01   3.355796629444570E-01
5.000000000000000E+01   -2.402641345156150E+00   3.355140945874290E-01   3.357531563603340E-01
