0.00000E+00   -2.500000000000000E+01   3.333357311485060E-01   3.333353486973070E-01
2.50000E-01   -2.311489351591230E+01   4.954684320964420E+00   3.823016117248650E+00
5.00000E-01   -2.099273878307770E+01   3.215920997863420E+00   4.259836143417010E+00
7.50000E-01   -1.887596848233890E+01   3.320004049174230E+00   1.780065085308440E+00
1.00000E+00   -1.602269153148580E+01   3.435415196079350E+00   3.089235998382570E+00
1.25000E+00   -1.452578986119380E+01   1.312787530711270E-02   6.940415689464970E-02
1.50000E+00   -1.359394134123560E+01   4.229820578730550E-01   4.070506814497180E-01
1.75000E+00   -1.267044472965080E+01   3.075584577488500E-01   3.120607679364740E-01
2.00000E+00   -1.188169538894040E+01   3.362465194039270E-01   3.357459603490500E-01
2.50000E+00   -1.060741427283450E+01   3.312602328298100E-01   3.316659949198590E-01
3.00000E+00   -9.716590474570180E+00   3.330883909776600E-01   3.332419791905570E-01
3.50000E+00   -9.155025976926900E+00   3.329066026498360E-01   3.331440345631520E-01
4.00000E+00   -8.865117643131140E+00   3.331636816539720E-01   3.333962918948710E-01
4.50000E+00   -8.787679628952530E+00   3.332462539530400E-01   3.334885110329020E-01
5.00000E+00   -8.866629480446720E+00   3.333368729467750E-01   3.335756493415860E-01
6.00000E+00   -9.306890249122080E+00   3.334452523843550E-01   3.336675193069890E-01
7.00000E+00   -9.890909667556780E+00   3.334987108923560E-01   3.337008794431350E-01
8.00000E+00   -1.044644533431600E+01   3.335144467113860E-01   3.336994809692890E-01
9.00000E+00   -1.089822082198450E+01   3.335094736157040E-01   3.336808211393700E-01
1.00000E+01   -1.122998912143120E+01   3.334963578889850E-01   3.336566910155440E-01
1.25000E+01   -1.163964279592250E+01   3.334651194208000E-01   3.336057524222970E-01
1.50000E+01   -1.172579676809540E+01   3.334570408258260E-01   3.335851228128320E-01
1.75000E+01   -1.172622719530350E+01   3.334658316959470E-01   3.335850752511470E-01
2.00000E+01   -1.173406026269010E+01   3.334790981435400E-01   3.335908614662080E-01
2.25000E+01   -1.175950863925700E+01   3.334910219623360E-01   3.335956800880690E-01
2.50000E+01   -1.178863036330240E+01   3.335008135263900E-01   3.335986911680920E-01
3.00000E+01   -1.182212582339210E+01   3.335169268836690E-01   3.336028793238940E-01
3.50000E+01   -1.181248525372360E+01   3.335308185318320E-01   3.336075997121320E-01
4.00000E+01   -1.176241923450330E+01   3.335424564143300E-01   3.336129542593610E-01
4.50000E+01   -1.167253036021890E+01   3.335515074162910E-01   3.336186586078390E-01
5.00000E+01   -1.154254769085620E+01   3.335579320754580E-01   3.336247821747760E-01
